,lat,long
0,47.5112,-122.257
1,47.721000000000004,-122.319
2,47.7379,-122.23299999999999
3,47.5208,-122.39299999999999
4,47.6168,-122.045
5,47.6561,-122.005
6,47.3097,-122.32700000000001
7,47.4095,-122.315
8,47.5123,-122.337
9,47.3684,-122.031
10,47.6007,-122.145
11,47.69,-122.292
12,47.7558,-122.229
13,47.6127,-122.045
14,47.67,-122.39399999999999
15,47.5714,-122.375
16,47.7277,-121.962
17,47.6648,-122.34299999999999
18,47.3089,-122.21
19,47.3343,-122.306
20,47.7025,-122.34100000000001
21,47.5316,-122.23299999999999
22,47.3266,-122.169
23,47.3533,-122.166
24,47.3739,-122.17200000000001
25,47.3048,-122.21799999999999
26,47.6386,-122.36
27,47.6221,-122.314
28,47.695,-122.304
29,47.7073,-122.11
30,47.5391,-122.07
31,47.7274,-122.35700000000001
32,47.6823,-122.368
33,47.6889,-122.375
34,47.4276,-122.15700000000001
35,47.6827,-122.31
36,47.6621,-122.132
37,47.6702,-122.36200000000001
38,47.3341,-122.28200000000001
39,47.5301,-122.18
40,47.6145,-122.027
41,47.445,-122.34700000000001
42,47.6848,-122.016
43,47.6413,-122.36399999999999
44,47.4485,-122.175
45,47.7443,-121.977
46,47.3066,-122.37100000000001
47,47.6194,-122.15100000000001
48,47.6796,-122.301
49,47.4041,-122.45100000000001
50,47.4258,-122.322
51,47.4934,-122.189
52,47.6808,-122.384
53,47.6989,-122.369
54,47.6571,-122.281
55,47.6597,-122.29
56,47.3663,-122.11399999999999
57,47.3663,-122.12200000000001
58,47.588,-122.116
59,47.5059,-122.149
60,47.4336,-122.339
61,47.4366,-122.335
62,47.4428,-122.344
63,47.6765,-122.32
64,47.6113,-122.29700000000001
65,47.5747,-122.304
66,47.5815,-122.19200000000001
67,47.3378,-122.257
68,47.3621,-122.11
69,47.6303,-122.215
70,47.6525,-122.16
71,47.7362,-122.179
72,47.7168,-122.287
73,47.3608,-122.036
74,47.3511,-122.073
75,47.5822,-121.98700000000001
76,47.6034,-122.125
77,47.5636,-122.39399999999999
78,47.7073,-122.34
79,47.342,-122.025
80,47.3512,-122.008
81,47.349,-122.031
82,47.5474,-122.291
83,47.4811,-122.149
84,47.7264,-122.31
85,47.6337,-122.365
86,47.2909,-122.189
87,47.5228,-122.199
88,47.518,-122.194
89,47.5394,-122.387
90,47.2897,-122.37200000000001
91,47.6506,-122.391
92,47.321999999999996,-122.351
93,47.687,-122.38600000000001
94,47.687,-122.38600000000001
95,47.5873,-122.249
96,47.3576,-122.277
97,47.3036,-122.37799999999999
98,47.4109,-121.958
99,47.4838,-121.714
100,47.6415,-122.315
101,47.6775,-122.37200000000001
102,47.7731,-122.08
103,47.5814,-122.196
104,47.4375,-122.184
105,47.4431,-122.133
106,47.6878,-122.38
107,47.3813,-122.322
108,47.7304,-122.08200000000001
109,47.6417,-122.109
110,47.5386,-122.053
111,47.6823,-122.34899999999999
112,47.3624,-122.031
113,47.5474,-122.295
114,47.3183,-122.25299999999999
115,47.6981,-122.368
116,47.6824,-122.34700000000001
117,47.5009,-122.24799999999999
118,47.4965,-122.303
119,47.586999999999996,-122.294
120,47.7728,-122.38600000000001
121,47.7288,-122.226
122,47.6999,-122.36399999999999
123,47.5299,-122.266
124,47.6897,-122.098
125,47.6141,-122.212
126,47.5091,-122.244
127,47.3129,-122.39
128,47.6763,-122.352
129,47.5319,-121.85
130,47.2761,-122.152
131,47.5343,-122.054
132,47.696999999999996,-122.072
133,47.5517,-121.99799999999999
134,47.6734,-122.38
135,47.3257,-122.296
136,47.3309,-122.29899999999999
137,47.7689,-122.266
138,47.7135,-122.287
139,47.6722,-122.381
140,47.6338,-122.35799999999999
141,47.5707,-122.12799999999999
142,47.4563,-122.171
143,47.7144,-122.351
144,47.5495,-122.17399999999999
145,47.7421,-122.02600000000001
146,47.6354,-122.353
147,47.5262,-121.943
148,47.3887,-122.286
149,47.6873,-122.336
150,47.6838,-122.353
151,47.655,-122.359
152,47.3255,-122.304
153,47.562,-122.162
154,47.678999999999995,-122.3
155,47.4479,-122.176
156,47.525,-122.17200000000001
157,47.3135,-122.369
158,47.2086,-121.99600000000001
159,47.4715,-122.118
160,47.4877,-122.335
161,47.7171,-122.193
162,47.6012,-122.023
163,47.7319,-122.22399999999999
164,47.4582,-122.023
165,47.7209,-122.16799999999999
166,47.408,-122.32700000000001
167,47.565,-122.125
168,47.7028,-122.23100000000001
169,47.7458,-122.331
170,47.4776,-122.337
171,47.3026,-122.374
172,47.7658,-122.339
173,47.6477,-122.182
174,47.5619,-122.125
175,47.6106,-122.31
176,47.5868,-122.30799999999999
177,47.6101,-122.307
178,47.1976,-121.999
179,47.7224,-122.35799999999999
180,47.3505,-122.179
181,47.5384,-122.376
182,47.7044,-122.2
183,47.3848,-122.039
184,47.6993,-122.102
185,47.6627,-122.18799999999999
186,47.3099,-122.37899999999999
187,47.62,-122.04299999999999
188,47.65,-122.34
189,47.6647,-122.15299999999999
190,47.726000000000006,-122.191
191,47.4616,-122.184
192,47.5505,-122.219
193,47.7606,-122.336
194,47.7481,-122.3
195,47.2779,-122.34700000000001
196,47.5511,-122.31200000000001
197,47.5488,-122.37200000000001
198,47.5385,-121.911
199,47.4058,-121.994
200,47.5093,-122.184
201,47.3777,-122.165
202,47.675,-122.39399999999999
203,47.3025,-122.37
204,47.4787,-122.15799999999999
205,47.5378,-122.219
206,47.7073,-122.11399999999999
207,47.5733,-122.381
208,47.4604,-122.339
209,47.7067,-122.34299999999999
210,47.354,-122.04700000000001
211,47.6647,-122.28399999999999
212,47.6143,-122.01700000000001
213,47.3185,-122.275
214,47.5458,-122.26799999999999
215,47.4889,-122.29899999999999
216,47.5673,-122.21
217,47.5133,-122.37899999999999
218,47.5884,-122.291
219,47.7145,-122.367
220,47.5836,-122.02600000000001
221,47.398,-122.29899999999999
222,47.7663,-122.215
223,47.3758,-122.21700000000001
224,47.3828,-122.023
225,47.5123,-122.37299999999999
226,47.7076,-122.01299999999999
227,47.2922,-122.37100000000001
228,47.4075,-122.214
229,47.6794,-122.03399999999999
230,47.4497,-122.375
231,47.5218,-122.164
232,47.3103,-122.339
233,47.5687,-121.899
234,47.5575,-122.303
235,47.6489,-122.18299999999999
236,47.3459,-121.95
237,47.6136,-122.303
238,47.7641,-122.023
239,47.3376,-122.324
240,47.3173,-122.319
241,47.5308,-122.376
242,47.6727,-122.29899999999999
243,47.3221,-122.21600000000001
244,47.6779,-122.353
245,47.3076,-122.395
246,47.6338,-122.072
247,47.5218,-122.35700000000001
248,47.2785,-122.213
249,47.6846,-122.345
250,47.3656,-122.27799999999999
251,47.4369,-122.111
252,47.4616,-121.711
253,47.5405,-122.27
254,47.3507,-122.178
255,47.6979,-122.32
256,47.5278,-122.345
257,47.4756,-122.147
258,47.4437,-121.772
259,47.7048,-122.109
260,47.6362,-122.302
261,47.4207,-122.29
262,47.6154,-122.04700000000001
263,47.5964,-122.29899999999999
264,47.4683,-122.43799999999999
265,47.4045,-122.171
266,47.5544,-122.35799999999999
267,47.6802,-122.29
268,47.2988,-122.37100000000001
269,47.6312,-122.223
270,47.7285,-122.042
271,47.7107,-122.352
272,47.3271,-122.323
273,47.5053,-122.255
274,47.6601,-122.4
275,47.4145,-122.166
276,47.4672,-122.165
277,47.7618,-122.26100000000001
278,47.3828,-122.071
279,47.5362,-122.26799999999999
280,47.3954,-122.206
281,47.5048,-122.272
282,47.6166,-122.287
283,47.6811,-122.025
284,47.7486,-122.23
285,47.3846,-122.169
286,47.7564,-122.14399999999999
287,47.7198,-122.193
288,47.5461,-122.15100000000001
289,47.5712,-122.14299999999999
290,47.4281,-122.34299999999999
291,47.7128,-122.223
292,47.3341,-122.255
293,47.5399,-122.181
294,47.5717,-122.375
295,47.5951,-122.01700000000001
296,47.3536,-122.14399999999999
297,47.5084,-122.154
298,47.5586,-122.311
299,47.4427,-122.274
300,47.6053,-122.07700000000001
301,47.3494,-122.301
302,47.6933,-122.39299999999999
303,47.3537,-122.0
304,47.476000000000006,-122.337
305,47.6239,-122.29799999999999
306,47.7776,-122.384
307,47.6459,-122.05799999999999
308,47.6692,-122.29700000000001
309,47.5376,-122.18
310,47.601000000000006,-122.294
311,47.528999999999996,-121.837
312,47.6345,-122.367
313,47.5503,-122.102
314,47.5503,-122.102
315,47.4441,-122.125
316,47.7357,-122.333
317,47.346000000000004,-122.15700000000001
318,47.6638,-122.345
319,47.48,-122.336
320,47.6759,-122.15100000000001
321,47.5162,-122.057
322,47.2639,-122.25200000000001
323,47.2929,-122.37100000000001
324,47.4957,-122.352
325,47.4957,-122.352
326,47.7721,-122.09299999999999
327,47.644,-122.319
328,47.472,-122.344
329,47.592,-122.166
330,47.669,-122.275
331,47.42,-122.323
332,47.1913,-122.012
333,47.6666,-122.331
334,47.5639,-122.21700000000001
335,47.3483,-122.052
336,47.7648,-122.164
337,47.6794,-122.35700000000001
338,47.7535,-122.354
339,47.4945,-122.22
340,47.6945,-122.09299999999999
341,47.5222,-122.15700000000001
342,47.7222,-122.32
343,47.3796,-122.49
344,47.5374,-121.875
345,47.4897,-122.24
346,47.4897,-122.24
347,47.4716,-122.07799999999999
348,47.3581,-122.17299999999999
349,47.7713,-122.307
350,47.675,-121.854
351,47.5603,-122.22200000000001
352,47.4147,-122.337
353,47.68,-122.353
354,47.3117,-122.27
355,47.543,-122.28
356,47.3607,-122.03399999999999
357,47.5759,-122.137
358,47.6891,-122.15899999999999
359,47.565,-122.381
360,47.6359,-121.97399999999999
361,47.4769,-122.141
362,47.3845,-122.029
363,47.6743,-122.184
364,47.5651,-122.164
365,47.4853,-121.709
366,47.4508,-122.359
367,47.6375,-122.016
368,47.5944,-122.042
369,47.4888,-122.182
370,47.5112,-122.19
371,47.7711,-122.34100000000001
372,47.7711,-122.34100000000001
373,47.2813,-122.345
374,47.5038,-122.189
375,47.5823,-121.97
376,47.7164,-122.304
377,47.3624,-122.045
378,47.6831,-122.329
379,47.592,-122.307
380,47.7461,-122.195
381,47.7268,-122.06
382,47.7237,-121.959
383,47.6283,-122.095
384,47.5543,-122.148
385,47.5483,-122.226
386,47.7591,-122.146
387,47.4612,-122.169
388,47.4987,-122.365
389,47.772,-122.35799999999999
390,47.5287,-122.35
391,47.6109,-122.11399999999999
392,47.7736,-121.90100000000001
393,47.6294,-122.21799999999999
394,47.5634,-122.213
395,47.7405,-122.241
396,47.5976,-122.118
397,47.5722,-122.12899999999999
398,47.5644,-122.289
399,47.4556,-122.15700000000001
400,47.6055,-122.305
401,47.1775,-122.022
402,47.6879,-122.385
403,47.4807,-121.779
404,47.3845,-122.03200000000001
405,47.5815,-122.402
406,47.6609,-122.344
407,47.3163,-122.18799999999999
408,47.4309,-122.191
409,47.401,-122.02600000000001
410,47.403999999999996,-122.191
411,47.3889,-122.48200000000001
412,47.7718,-122.095
413,47.7067,-122.2
414,47.504,-122.227
415,47.7015,-122.164
416,47.5753,-121.95
417,47.7448,-122.333
418,47.7318,-121.98200000000001
419,47.5954,-121.95
420,47.6885,-122.337
421,47.5724,-122.179
422,47.5272,-122.169
423,47.4334,-122.161
424,47.6073,-122.30799999999999
425,47.3592,-122.046
426,47.4546,-122.337
427,47.6408,-122.219
428,47.7245,-122.2
429,47.4362,-122.178
430,47.3739,-122.156
431,47.7205,-122.12700000000001
432,47.6636,-122.33
433,47.4324,-122.197
434,47.7734,-122.22399999999999
435,47.559,-122.164
436,47.633,-122.041
437,47.6954,-122.103
438,47.6776,-122.318
439,47.504,-122.382
440,47.2613,-122.255
441,47.3417,-122.271
442,47.6694,-122.275
443,47.4056,-121.955
444,47.3838,-122.289
445,47.7487,-122.08200000000001
446,47.5534,-122.07799999999999
447,47.7355,-122.18
448,47.7206,-122.211
449,47.7691,-122.262
450,47.7183,-122.258
451,47.7736,-122.214
452,47.361999999999995,-122.029
453,47.5698,-122.12100000000001
454,47.5505,-122.221
455,47.7605,-122.234
456,47.7356,-122.15700000000001
457,47.3844,-122.43799999999999
458,47.4904,-122.226
459,47.3663,-122.089
460,47.5637,-122.12299999999999
461,47.3759,-122.125
462,47.3912,-122.167
463,47.3305,-122.37100000000001
464,47.7617,-122.35700000000001
465,47.6499,-121.90899999999999
466,47.7311,-122.353
467,47.3701,-122.10700000000001
468,47.4857,-122.318
469,47.3724,-122.042
470,47.4855,-122.266
471,47.6336,-122.064
472,47.717,-122.281
473,47.6332,-122.066
474,47.5906,-122.06200000000001
475,47.5461,-121.99799999999999
476,47.5674,-122.29
477,47.6943,-122.29
478,47.5486,-122.38
479,47.6658,-122.18799999999999
480,47.5772,-122.15299999999999
481,47.3875,-122.161
482,47.6344,-122.17399999999999
483,47.5275,-122.391
484,47.6179,-122.005
485,47.3078,-122.37799999999999
486,47.5521,-122.137
487,47.5158,-122.264
488,47.5985,-121.977
489,47.5645,-122.08200000000001
490,47.6734,-122.154
491,47.4734,-122.186
492,47.3811,-122.087
493,47.7081,-122.215
494,47.7193,-122.21600000000001
495,47.6192,-122.301
496,47.5836,-122.387
497,47.3841,-122.28399999999999
498,47.5872,-122.39
499,47.5322,-121.88
500,47.5416,-121.86399999999999
501,47.6799,-122.381
502,47.3672,-122.15100000000001
503,47.684,-122.205
504,47.4404,-122.191
505,47.4467,-122.281
506,47.6729,-122.363
507,47.5346,-122.385
508,47.6454,-122.37299999999999
509,47.6821,-122.196
510,47.7206,-122.11
511,47.4877,-122.139
512,47.6554,-122.01799999999999
513,47.7343,-122.34700000000001
514,47.5789,-122.39299999999999
515,47.7439,-122.339
516,47.3818,-122.225
517,47.6734,-122.17299999999999
518,47.6415,-122.285
519,47.4711,-122.084
520,47.452,-122.177
521,47.4973,-122.221
522,47.7546,-122.34100000000001
523,47.4667,-122.215
524,47.5186,-122.374
525,47.6221,-122.193
526,47.683,-122.039
527,47.6033,-121.943
528,47.7315,-122.305
529,47.6917,-122.084
530,47.3608,-122.056
531,47.2852,-122.19
532,47.5931,-122.071
533,47.4097,-122.316
534,47.3105,-122.021
535,47.4296,-122.161
536,47.7373,-122.197
537,47.6582,-122.345
538,47.3577,-122.16
539,47.449,-122.205
540,47.4169,-122.348
541,47.5025,-122.186
542,47.3644,-122.28
543,47.5896,-122.009
544,47.3914,-122.169
545,47.7197,-122.131
546,47.5623,-122.116
547,47.5213,-122.35700000000001
548,47.4518,-122.16
549,47.4949,-122.3
550,47.5885,-122.24799999999999
551,47.6452,-122.411
552,47.748999999999995,-122.305
553,47.4727,-122.198
554,47.7403,-122.256
555,47.5146,-122.117
556,47.5666,-122.23100000000001
557,47.4339,-122.291
558,47.6368,-122.09700000000001
559,47.3628,-122.075
560,47.52,-121.845
561,47.2953,-122.083
562,47.6935,-122.352
563,47.6239,-122.023
564,47.5846,-122.16799999999999
565,47.6969,-122.02600000000001
566,47.505,-122.259
567,47.667,-122.289
568,47.6376,-122.353
569,47.6929,-121.87
570,47.3572,-122.015
571,47.5816,-121.97
572,47.5502,-122.311
573,47.6136,-122.29899999999999
574,47.4478,-122.161
575,47.4219,-122.007
576,47.3521,-122.212
577,47.7466,-122.029
578,47.7727,-122.229
579,47.3062,-122.37100000000001
580,47.5422,-121.86
581,47.3366,-122.306
582,47.573,-122.40899999999999
583,47.7258,-122.177
584,47.4025,-122.176
585,47.476000000000006,-121.755
586,47.6045,-122.307
587,47.6366,-122.05799999999999
588,47.3725,-122.06
589,47.5897,-122.292
590,47.6277,-121.97200000000001
591,47.1803,-121.97399999999999
592,47.4489,-122.18799999999999
593,47.3665,-122.01700000000001
594,47.4964,-122.251
595,47.492,-122.31700000000001
596,47.5496,-122.37299999999999
597,47.5008,-121.77600000000001
598,47.2846,-122.34100000000001
599,47.5494,-122.21600000000001
600,47.7123,-122.027
601,47.3131,-122.115
602,47.3122,-121.99600000000001
603,47.6947,-122.125
604,47.5665,-122.01799999999999
605,47.425,-122.28299999999999
606,47.6634,-122.34
607,47.7047,-122.37299999999999
608,47.3666,-122.084
609,47.7466,-122.242
610,47.6972,-122.35
611,47.6372,-122.395
612,47.5694,-122.001
613,47.6214,-122.024
614,47.3961,-122.18799999999999
615,47.7162,-122.309
616,47.6844,-122.113
617,47.5737,-122.01799999999999
618,47.4474,-121.771
619,47.3128,-122.184
620,47.4022,-122.171
621,47.5671,-122.391
622,47.2876,-122.212
623,47.681999999999995,-122.37200000000001
624,47.7125,-122.331
625,47.496,-122.23899999999999
626,47.5876,-122.309
627,47.6821,-122.273
628,47.6581,-122.396
629,47.3496,-122.094
630,47.1951,-122.001
631,47.6539,-122.396
632,47.5375,-122.178
633,47.7605,-122.26700000000001
634,47.6663,-122.32600000000001
635,47.6978,-122.13
636,47.3221,-122.215
637,47.4488,-122.275
638,47.2681,-122.31
639,47.5821,-122.39
640,47.5395,-122.39
641,47.33600000000001,-122.26899999999999
642,47.7679,-122.26100000000001
643,47.5818,-122.402
644,47.5317,-121.853
645,47.3647,-122.05
646,47.5338,-122.384
647,47.6681,-122.305
648,47.4152,-122.3
649,47.5044,-122.35
650,47.4793,-122.346
651,47.7627,-122.07600000000001
652,47.5193,-122.274
653,47.555,-122.37899999999999
654,47.526,-121.82600000000001
655,47.655,-122.124
656,47.7022,-122.22399999999999
657,47.6718,-122.26700000000001
658,47.6327,-122.109
659,47.6245,-122.198
660,47.4761,-121.758
661,47.5221,-122.045
662,47.7522,-122.27799999999999
663,47.7145,-122.311
664,47.7404,-122.11
665,47.4834,-122.15899999999999
666,47.7049,-122.353
667,47.6915,-122.381
668,47.33600000000001,-122.319
669,47.6597,-122.274
670,47.6759,-122.286
671,47.6988,-122.319
672,47.5427,-122.181
673,47.6462,-122.318
674,47.4406,-122.146
675,47.705,-122.20200000000001
676,47.4965,-121.785
677,47.5024,-122.271
678,47.5304,-122.387
679,47.544,-121.87200000000001
680,47.291000000000004,-122.368
681,47.6932,-122.006
682,47.3558,-122.00399999999999
683,47.5536,-122.359
684,47.6942,-122.321
685,47.5462,-122.182
686,47.2918,-122.346
687,47.5441,-121.882
688,47.6982,-122.29799999999999
689,47.7415,-122.101
690,47.4862,-122.22399999999999
691,47.5553,-122.22
692,47.4406,-122.141
693,47.6997,-122.316
694,47.6726,-122.03
695,47.3702,-122.185
696,47.5896,-122.083
697,47.3923,-122.311
698,47.3664,-122.1
699,47.5894,-122.195
700,47.5708,-122.359
701,47.5156,-122.262
702,47.589,-122.177
703,47.6385,-122.37
704,47.4672,-122.291
705,47.3444,-122.32700000000001
706,47.731,-122.191
707,47.7646,-122.271
708,47.5015,-122.124
709,47.2413,-121.97200000000001
710,47.4206,-122.18299999999999
711,47.3575,-122.28
712,47.6285,-122.025
713,47.3437,-122.316
714,47.7573,-122.22
715,47.3745,-122.275
716,47.7359,-122.309
717,47.7142,-122.286
718,47.7142,-122.286
719,47.3131,-121.99799999999999
720,47.3668,-122.031
721,47.6893,-122.34899999999999
722,47.635,-122.164
723,47.6664,-122.131
724,47.4938,-122.255
725,47.4525,-122.162
726,47.3825,-122.319
727,47.5326,-122.376
728,47.4818,-122.161
729,47.7287,-122.07700000000001
730,47.4908,-122.225
731,47.4429,-121.759
732,47.7336,-121.965
733,47.7591,-122.28
734,47.3591,-122.20100000000001
735,47.4388,-122.162
736,47.7004,-122.368
737,47.5633,-122.131
738,47.6585,-122.273
739,47.3415,-122.272
740,47.3818,-122.2
741,47.695,-122.366
742,47.7479,-122.06200000000001
743,47.7422,-122.073
744,47.6921,-122.38
745,47.7533,-122.198
746,47.5793,-122.402
747,47.7767,-122.23899999999999
748,47.6988,-122.387
749,47.7121,-122.214
750,47.7447,-122.31299999999999
751,47.5671,-122.405
752,47.5646,-122.31700000000001
753,47.717,-122.02
754,47.6374,-122.279
755,47.3272,-122.355
756,47.5511,-122.15700000000001
757,47.5912,-122.384
758,47.5987,-122.178
759,47.5132,-122.262
760,47.6333,-121.97
761,47.5818,-122.387
762,47.7576,-121.934
763,47.3608,-122.04299999999999
764,47.4987,-122.166
765,47.6216,-122.056
766,47.6051,-122.195
767,47.363,-122.08
768,47.6777,-122.287
769,47.3384,-122.336
770,47.4598,-122.15
771,47.5089,-122.189
772,47.7751,-122.38
773,47.6797,-122.36200000000001
774,47.5771,-122.14399999999999
775,47.6188,-122.11399999999999
776,47.4802,-122.279
777,47.6101,-122.295
778,47.3314,-122.17200000000001
779,47.6196,-122.286
780,47.475,-122.11
781,47.7146,-122.21700000000001
782,47.7073,-122.35600000000001
783,47.6583,-122.351
784,47.6261,-122.125
785,47.3109,-122.376
786,47.6949,-122.37100000000001
787,47.4691,-121.993
788,47.3289,-122.32700000000001
789,47.5293,-122.363
790,47.6792,-122.115
791,47.6337,-122.044
792,47.5506,-122.134
793,47.492,-122.333
794,47.4781,-122.294
795,47.7041,-122.355
796,47.6304,-121.994
797,47.6815,-122.198
798,47.5341,-121.867
799,47.7354,-122.07799999999999
800,47.6518,-122.335
801,47.5619,-122.162
802,47.7148,-122.205
803,47.746,-122.21799999999999
804,47.5222,-122.375
805,47.5756,-122.01
806,47.3405,-122.05799999999999
807,47.5433,-122.185
808,47.6799,-122.03399999999999
809,47.39,-122.15299999999999
810,47.6329,-122.12100000000001
811,47.6124,-122.309
812,47.4802,-122.179
813,47.5839,-121.991
814,47.5602,-122.227
815,47.3077,-122.01100000000001
816,47.5707,-122.01700000000001
817,47.3839,-122.225
818,47.538999999999994,-122.18799999999999
819,47.2118,-121.98299999999999
820,47.2597,-122.228
821,47.393,-122.184
822,47.6347,-122.396
823,47.7493,-122.351
824,47.7493,-122.351
825,47.5282,-122.279
826,47.681999999999995,-122.348
827,47.4778,-122.286
828,47.6357,-122.12299999999999
829,47.5771,-122.05
830,47.6898,-122.32700000000001
831,47.4622,-122.12700000000001
832,47.3102,-122.381
833,47.6061,-122.117
834,47.294,-122.281
835,47.3272,-122.36200000000001
836,47.7176,-122.03299999999999
837,47.7176,-122.03299999999999
838,47.3748,-122.27600000000001
839,47.3337,-122.191
840,47.5033,-122.3
841,47.7321,-122.34
842,47.5719,-122.119
843,47.2477,-121.93700000000001
844,47.7027,-122.361
845,47.4723,-122.12100000000001
846,47.6645,-122.325
847,47.7738,-122.20299999999999
848,47.6618,-122.13600000000001
849,47.3085,-122.376
850,47.5691,-121.99600000000001
851,47.3841,-122.006
852,47.5446,-122.385
853,47.7557,-122.23700000000001
854,47.2635,-122.209
855,47.4829,-122.12799999999999
856,47.3898,-122.04899999999999
857,47.5152,-122.197
858,47.5081,-122.09299999999999
859,47.3729,-122.115
860,47.481,-122.323
861,47.6742,-122.28399999999999
862,47.6963,-122.169
863,47.5951,-122.307
864,47.2658,-122.219
865,47.3576,-122.039
866,47.4802,-122.18799999999999
867,47.5682,-122.005
868,47.5517,-122.27600000000001
869,47.3122,-122.191
870,47.5962,-122.288
871,47.6071,-122.137
872,47.6652,-122.18799999999999
873,47.6323,-122.036
874,47.5611,-122.10600000000001
875,47.403999999999996,-122.20299999999999
876,47.7356,-122.198
877,47.3586,-122.314
878,47.494,-122.307
879,47.7004,-122.305
880,47.5507,-122.381
881,47.2959,-122.191
882,47.6675,-122.289
883,47.6402,-122.37
884,47.6209,-122.22200000000001
885,47.6094,-122.291
886,47.6608,-122.333
887,47.7364,-122.193
888,47.7438,-122.17200000000001
889,47.6724,-122.01299999999999
890,47.6476,-122.318
891,47.3782,-122.12700000000001
892,47.5185,-122.352
893,47.526,-122.361
894,47.5922,-122.146
895,47.5368,-122.21600000000001
896,47.7637,-122.05
897,47.6916,-122.18799999999999
898,47.3592,-122.07600000000001
899,47.5627,-122.215
900,47.7418,-122.039
901,47.5134,-122.2
902,47.5492,-122.37200000000001
903,47.4614,-122.16799999999999
904,47.69,-122.304
905,47.3627,-122.037
906,47.3969,-122.198
907,47.5728,-122.304
908,47.5499,-122.391
909,47.3113,-122.20700000000001
910,47.638999999999996,-122.1
911,47.3315,-122.26299999999999
912,47.5353,-122.34899999999999
913,47.4315,-122.19200000000001
914,47.6733,-122.301
915,47.6655,-122.369
916,47.4095,-122.195
917,47.527,-122.35600000000001
918,47.4599,-122.17200000000001
919,47.3702,-122.31700000000001
920,47.6903,-121.915
921,47.4405,-122.28
922,47.5371,-122.21799999999999
923,47.5666,-122.375
924,47.6597,-122.204
925,47.4046,-122.186
926,47.5383,-122.26799999999999
927,47.7052,-122.34299999999999
928,47.4417,-122.09
929,47.5355,-122.28299999999999
930,47.7096,-122.199
931,47.3414,-122.04700000000001
932,47.3023,-122.069
933,47.6804,-122.35799999999999
934,47.6972,-122.4
935,47.3556,-122.02600000000001
936,47.7463,-122.315
937,47.3545,-122.15799999999999
938,47.5583,-121.852
939,47.6653,-122.37200000000001
940,47.5513,-122.273
941,47.5446,-122.382
942,47.7174,-122.28200000000001
943,47.6364,-122.3
944,47.4522,-122.355
945,47.3275,-122.361
946,47.6271,-122.197
947,47.4895,-121.787
948,47.5484,-122.119
949,47.5453,-122.27799999999999
950,47.7012,-122.286
951,47.663000000000004,-122.178
952,47.6617,-122.35600000000001
953,47.5878,-121.976
954,47.5784,-122.37700000000001
955,47.6606,-122.331
956,47.3622,-122.059
957,47.7612,-122.36200000000001
958,47.5491,-122.272
959,47.5711,-122.383
960,47.6273,-122.06200000000001
961,47.6233,-122.319
962,47.2105,-121.98899999999999
963,47.7649,-122.04899999999999
964,47.4999,-122.368
965,47.3461,-122.272
966,47.6471,-122.06
967,47.7283,-122.22200000000001
968,47.6495,-122.198
969,47.5724,-122.384
970,47.4061,-122.33
971,47.7289,-122.28299999999999
972,47.54600000000001,-122.01100000000001
973,47.5515,-122.08
974,47.6301,-122.01899999999999
975,47.3908,-122.17299999999999
976,47.3011,-122.369
977,47.3298,-122.29700000000001
978,47.5364,-122.17299999999999
979,47.4545,-122.208
980,47.5702,-122.12799999999999
981,47.5175,-121.87799999999999
982,47.6971,-122.37200000000001
983,47.7145,-122.361
984,47.6774,-122.324
985,47.1949,-122.01
986,47.5048,-122.301
987,47.5303,-122.37799999999999
988,47.5688,-122.01700000000001
989,47.5867,-122.17399999999999
990,47.6948,-122.32799999999999
991,47.7293,-122.28399999999999
992,47.3211,-122.325
993,47.5077,-122.344
994,47.3492,-122.03
995,47.2786,-122.25
996,47.6707,-122.32799999999999
997,47.3738,-122.057
998,47.3225,-122.273
999,47.6593,-122.32700000000001
1000,47.4312,-122.171
1001,47.327,-122.361
1002,47.7191,-122.309
1003,47.3204,-122.178
1004,47.6807,-122.369
1005,47.5346,-121.875
1006,47.3017,-122.34899999999999
1007,47.5599,-121.911
1008,47.7008,-122.338
1009,47.6802,-122.38799999999999
1010,47.7571,-122.145
1011,47.6042,-122.147
1012,47.626999999999995,-122.11399999999999
1013,47.6078,-122.291
1014,47.5064,-122.265
1015,47.6937,-122.12700000000001
1016,47.7221,-122.31700000000001
1017,47.4809,-122.3
1018,47.3572,-122.191
1019,47.7083,-122.073
1020,47.3484,-122.03299999999999
1021,47.6737,-122.156
1022,47.7263,-122.205
1023,47.5144,-122.37899999999999
1024,47.4065,-122.18
1025,47.5849,-122.302
1026,47.7612,-122.33200000000001
1027,47.3682,-122.179
1028,47.6382,-122.399
1029,47.6908,-122.397
1030,47.5747,-122.28299999999999
1031,47.7107,-122.031
1032,47.266999999999996,-122.25
1033,47.5468,-122.109
1034,47.6327,-122.395
1035,47.4997,-122.36399999999999
1036,47.6969,-122.35
1037,47.3559,-122.014
1038,47.5985,-122.016
1039,47.3098,-122.21
1040,47.683,-122.11399999999999
1041,47.6769,-122.36
1042,47.452,-122.19
1043,47.701,-122.17200000000001
1044,47.6493,-121.956
1045,47.7725,-122.198
1046,47.4985,-122.09200000000001
1047,47.5498,-122.18799999999999
1048,47.6582,-122.27799999999999
1049,47.6542,-122.385
1050,47.5437,-122.38799999999999
1051,47.6476,-122.184
1052,47.5833,-122.02799999999999
1053,47.6763,-122.37
1054,47.323,-122.044
1055,47.7168,-122.196
1056,47.6416,-122.397
1057,47.7259,-122.29799999999999
1058,47.5197,-122.18
1059,47.3643,-122.115
1060,47.6849,-122.01799999999999
1061,47.5271,-122.38600000000001
1062,47.5254,-122.04299999999999
1063,47.7635,-122.35
1064,47.6347,-122.352
1065,47.467,-122.215
1066,47.5658,-122.292
1067,47.3983,-122.31
1068,47.597,-122.059
1069,47.5415,-122.18
1070,47.7071,-122.301
1071,47.5634,-122.156
1072,47.5262,-122.38600000000001
1073,47.6231,-122.29299999999999
1074,47.477,-122.292
1075,47.5042,-122.265
1076,47.5258,-122.37799999999999
1077,47.6397,-122.38799999999999
1078,47.7565,-122.339
1079,47.3668,-122.31
1080,47.501999999999995,-122.22200000000001
1081,47.3356,-122.333
1082,47.6163,-122.292
1083,47.4458,-122.34299999999999
1084,47.571999999999996,-122.29
1085,47.571999999999996,-122.29
1086,47.4973,-122.32799999999999
1087,47.4497,-122.147
1088,47.4702,-122.12
1089,47.69600000000001,-122.102
1090,47.6817,-122.035
1091,47.5831,-122.191
1092,47.5252,-122.382
1093,47.7299,-122.19200000000001
1094,47.687,-122.04299999999999
1095,47.3006,-122.066
1096,47.6261,-122.355
1097,47.7218,-122.35600000000001
1098,47.4965,-122.186
1099,47.5306,-122.134
1100,47.6051,-122.319
1101,47.5462,-122.369
1102,47.3274,-122.348
1103,47.5859,-121.991
1104,47.5953,-122.14
1105,47.6699,-122.195
1106,47.6544,-122.37299999999999
1107,47.5352,-122.361
1108,47.3603,-122.037
1109,47.2626,-122.21799999999999
1110,47.3347,-122.304
1111,47.3866,-122.169
1112,47.5747,-122.014
1113,47.6054,-122.118
1114,47.513999999999996,-122.316
1115,47.6561,-122.33200000000001
1116,47.7377,-121.97399999999999
1117,47.7098,-122.291
1118,47.5041,-122.186
1119,47.3178,-122.17399999999999
1120,47.5006,-122.336
1121,47.5557,-122.027
1122,47.5305,-122.131
1123,47.6261,-122.296
1124,47.5008,-122.162
1125,47.5175,-122.36
1126,47.523999999999994,-122.04
1127,47.5014,-122.17200000000001
1128,47.5014,-122.17200000000001
1129,47.7274,-122.31200000000001
1130,47.6191,-122.11200000000001
1131,47.4945,-122.258
1132,47.5283,-122.14299999999999
1133,47.4733,-122.189
1134,47.7555,-122.307
1135,47.6856,-122.385
1136,47.2093,-122.0
1137,47.3496,-122.022
1138,47.7408,-122.21600000000001
1139,47.7,-122.292
1140,47.5965,-122.311
1141,47.5916,-122.146
1142,47.5862,-122.029
1143,47.4517,-122.08200000000001
1144,47.49800000000001,-122.26299999999999
1145,47.5703,-122.00399999999999
1146,47.7402,-122.31700000000001
1147,47.6372,-122.352
1148,47.6868,-122.34899999999999
1149,47.7407,-122.09700000000001
1150,47.7165,-122.259
1151,47.3291,-122.17
1152,47.4856,-122.069
1153,47.6846,-122.346
1154,47.6703,-122.17399999999999
1155,47.5105,-122.238
1156,47.3919,-122.184
1157,47.5412,-122.288
1158,47.3737,-122.115
1159,47.6849,-122.273
1160,47.7152,-122.162
1161,47.7208,-122.182
1162,47.6767,-122.211
1163,47.76,-122.34
1164,47.7276,-122.181
1165,47.3186,-122.37299999999999
1166,47.4339,-122.512
1167,47.4142,-122.179
1168,47.6609,-122.324
1169,47.63399999999999,-121.99700000000001
1170,47.545,-122.015
1171,47.5318,-121.85
1172,47.6272,-122.209
1173,47.6748,-122.385
1174,47.7441,-122.17299999999999
1175,47.5569,-122.273
1176,47.4092,-122.33
1177,47.7557,-122.368
1178,47.5393,-121.99799999999999
1179,47.552,-121.89
1180,47.576,-121.976
1181,47.5533,-122.391
1182,47.5612,-122.152
1183,47.7654,-122.352
1184,47.4954,-122.164
1185,47.4025,-122.463
1186,47.7298,-122.34
1187,47.4491,-122.12
1188,47.5368,-122.26700000000001
1189,47.4325,-122.291
1190,47.4942,-122.304
1191,47.6368,-122.37
1192,47.6749,-122.323
1193,47.7021,-122.287
1194,47.533,-122.354
1195,47.6503,-121.90799999999999
1196,47.7458,-122.29799999999999
1197,47.4599,-122.0
1198,47.3755,-122.13600000000001
1199,47.5497,-122.17200000000001
1200,47.5554,-122.27
1201,47.5554,-122.27
1202,47.3335,-122.305
1203,47.568999999999996,-122.086
1204,47.6277,-122.345
1205,47.5664,-122.389
1206,47.6851,-122.209
1207,47.7733,-122.318
1208,47.678999999999995,-122.288
1209,47.4394,-122.11399999999999
1210,47.6584,-122.391
1211,47.386,-122.036
1212,47.7484,-122.291
1213,47.7498,-122.184
1214,47.532,-121.88
1215,47.617,-122.28200000000001
1216,47.2997,-122.26899999999999
1217,47.6927,-121.913
1218,47.3076,-122.396
1219,47.7419,-122.181
1220,47.683,-122.176
1221,47.3557,-122.27799999999999
1222,47.5529,-122.281
1223,47.7757,-122.303
1224,47.3434,-122.08200000000001
1225,47.3947,-122.17399999999999
1226,47.562,-122.279
1227,47.3544,-122.01299999999999
1228,47.7192,-122.176
1229,47.5413,-122.29899999999999
1230,47.351000000000006,-122.146
1231,47.2898,-122.221
1232,47.4413,-122.34899999999999
1233,47.4413,-122.34899999999999
1234,47.3766,-122.184
1235,47.7629,-122.26799999999999
1236,47.7553,-122.09200000000001
1237,47.5559,-122.37899999999999
1238,47.6085,-122.01700000000001
1239,47.5102,-122.18299999999999
1240,47.7694,-122.124
1241,47.3099,-122.09
1242,47.6781,-122.369
1243,47.6492,-121.90799999999999
1244,47.5872,-121.97200000000001
1245,47.6189,-122.288
1246,47.7073,-122.012
1247,47.6859,-122.399
1248,47.4528,-122.163
1249,47.5074,-122.175
1250,47.7338,-122.352
1251,47.5196,-122.04899999999999
1252,47.3077,-122.381
1253,47.5629,-121.91799999999999
1254,47.6914,-122.34299999999999
1255,47.3661,-122.28
1256,47.644,-122.353
1257,47.3286,-122.208
1258,47.7227,-122.098
1259,47.4734,-122.365
1260,47.5665,-122.023
1261,47.5506,-122.26899999999999
1262,47.3282,-122.198
1263,47.6793,-122.03299999999999
1264,47.5116,-122.163
1265,47.6985,-122.34
1266,47.3821,-122.20700000000001
1267,47.6886,-122.361
1268,47.5093,-122.15299999999999
1269,47.4132,-122.32799999999999
1270,47.6154,-122.21
1271,47.3917,-122.084
1272,47.7599,-122.34299999999999
1273,47.5926,-122.295
1274,47.7473,-122.257
1275,47.7106,-122.023
1276,47.6196,-122.292
1277,47.5305,-121.854
1278,47.513999999999996,-122.189
1279,47.7502,-122.10799999999999
1280,47.6178,-122.209
1281,47.736000000000004,-122.199
1282,47.5491,-122.38600000000001
1283,47.4579,-122.09
1284,47.4117,-122.333
1285,47.4524,-122.146
1286,47.4394,-122.14
1287,47.3831,-122.185
1288,47.4459,-122.124
1289,47.4738,-122.26299999999999
1290,47.3356,-122.50200000000001
1291,47.6973,-122.389
1292,47.3069,-122.148
1293,47.5588,-122.39200000000001
1294,47.5786,-122.236
1295,47.5344,-122.381
1296,47.6984,-122.20100000000001
1297,47.3594,-122.07600000000001
1298,47.6858,-122.286
1299,47.7338,-122.33200000000001
1300,47.3768,-122.117
1301,47.7683,-122.359
1302,47.5617,-121.859
1303,47.7106,-122.03
1304,47.7209,-122.37200000000001
1305,47.7422,-121.98100000000001
1306,47.3487,-122.304
1307,47.6899,-122.321
1308,47.2996,-122.34200000000001
1309,47.361000000000004,-122.116
1310,47.7752,-122.285
1311,47.4551,-122.154
1312,47.479,-122.12899999999999
1313,47.5631,-122.21
1314,47.6596,-121.96
1315,47.6115,-122.124
1316,47.3187,-122.182
1317,47.6498,-122.321
1318,47.743,-122.09700000000001
1319,47.7085,-122.21700000000001
1320,47.7571,-122.32799999999999
1321,47.3737,-122.21600000000001
1322,47.4306,-122.04899999999999
1323,47.4784,-122.335
1324,47.607,-122.305
1325,47.6999,-122.305
1326,47.6227,-122.31
1327,47.4569,-122.02
1328,47.6737,-122.169
1329,47.3361,-122.353
1330,47.7761,-122.285
1331,47.4744,-122.213
1332,47.6712,-122.40899999999999
1333,47.6036,-122.014
1334,47.5873,-122.29
1335,47.6106,-122.31
1336,47.541000000000004,-121.99799999999999
1337,47.4627,-122.152
1338,47.7321,-122.195
1339,47.5531,-122.119
1340,47.6853,-122.331
1341,47.3191,-122.383
1342,47.7053,-122.34
1343,47.6384,-122.34200000000001
1344,47.5904,-122.177
1345,47.5968,-121.978
1346,47.7356,-122.335
1347,47.5529,-122.26799999999999
1348,47.6106,-122.31
1349,47.4674,-122.10700000000001
1350,47.4815,-122.47
1351,47.7011,-122.171
1352,47.5315,-122.38
1353,47.6948,-122.286
1354,47.574,-122.01299999999999
1355,47.6253,-122.027
1356,47.7529,-122.306
1357,47.6925,-122.38799999999999
1358,47.648,-122.395
1359,47.6393,-122.09700000000001
1360,47.6386,-122.11
1361,47.6468,-122.116
1362,47.4627,-122.213
1363,47.4487,-121.772
1364,47.6795,-122.353
1365,47.3668,-122.178
1366,47.5744,-121.993
1367,47.7197,-122.17299999999999
1368,47.4979,-122.241
1369,47.6491,-122.367
1370,47.2624,-122.015
1371,47.653999999999996,-122.34200000000001
1372,47.4389,-122.351
1373,47.7552,-122.32700000000001
1374,47.407,-122.045
1375,47.4851,-122.338
1376,47.6976,-122.359
1377,47.726000000000006,-122.296
1378,47.5674,-122.01700000000001
1379,47.375,-122.14
1380,47.7728,-122.271
1381,47.6925,-122.184
1382,47.6839,-122.281
1383,47.523999999999994,-122.2
1384,47.5477,-122.141
1385,47.415,-122.337
1386,47.288000000000004,-122.28299999999999
1387,47.2653,-121.91
1388,47.6334,-122.021
1389,47.6767,-122.286
1390,47.5141,-122.37700000000001
1391,47.6924,-122.322
1392,47.7361,-122.234
1393,47.4054,-122.03
1394,47.5852,-121.96600000000001
1395,47.5765,-122.147
1396,47.7358,-122.07600000000001
1397,47.72,-122.024
1398,47.3631,-122.19200000000001
1399,47.3277,-122.001
1400,47.5232,-122.354
1401,47.4871,-122.065
1402,47.5897,-122.156
1403,47.7746,-122.197
1404,47.4908,-122.154
1405,47.4032,-122.314
1406,47.4391,-122.193
1407,47.6872,-122.339
1408,47.6621,-122.189
1409,47.5471,-122.149
1410,47.4949,-122.255
1411,47.5816,-122.296
1412,47.6962,-122.179
1413,47.5067,-122.361
1414,47.2904,-122.353
1415,47.7345,-122.285
1416,47.5677,-122.376
1417,47.7352,-122.33
1418,47.5115,-122.24600000000001
1419,47.7677,-122.163
1420,47.6788,-122.27
1421,47.6408,-122.41
1422,47.733999999999995,-122.301
1423,47.6227,-122.029
1424,47.2755,-122.271
1425,47.5328,-121.87899999999999
1426,47.7336,-122.134
1427,47.3663,-122.12899999999999
1428,47.6831,-122.186
1429,47.6558,-122.331
1430,47.5466,-122.304
1431,47.6696,-122.26100000000001
1432,47.6857,-122.34100000000001
1433,47.5131,-122.31299999999999
1434,47.7597,-122.079
1435,47.5959,-122.29299999999999
1436,47.6537,-122.195
1437,47.7148,-122.213
1438,47.6191,-122.09899999999999
1439,47.3632,-122.18799999999999
1440,47.6598,-122.348
1441,47.5413,-122.17399999999999
1442,47.6463,-122.15100000000001
1443,47.7362,-122.319
1444,47.68600000000001,-122.095
1445,47.4621,-122.18700000000001
1446,47.6232,-122.22
1447,47.369,-122.07700000000001
1448,47.771,-122.353
1449,47.771,-122.353
1450,47.3855,-122.322
1451,47.496,-122.19
1452,47.623999999999995,-122.05
1453,47.7462,-121.98
1454,47.6903,-122.38
1455,47.5723,-122.304
1456,47.6876,-122.384
1457,47.6897,-122.098
1458,47.626999999999995,-122.353
1459,47.6882,-122.365
1460,47.3748,-122.294
1461,47.6667,-122.333
1462,47.5534,-122.00200000000001
1463,47.5534,-122.00200000000001
1464,47.7055,-122.3
1465,47.5473,-122.396
1466,47.7224,-122.33200000000001
1467,47.6785,-122.39299999999999
1468,47.4574,-122.35799999999999
1469,47.5421,-122.229
1470,47.5326,-122.03200000000001
1471,47.6861,-122.354
1472,47.3251,-122.329
1473,47.6219,-122.13799999999999
1474,47.7159,-122.20299999999999
1475,47.6297,-122.021
1476,47.3054,-122.305
1477,47.5575,-122.279
1478,47.6993,-122.115
1479,47.6866,-122.04299999999999
1480,47.6442,-121.898
1481,47.6104,-122.06
1482,47.4781,-122.49
1483,47.4814,-122.34100000000001
1484,47.3155,-122.34700000000001
1485,47.6067,-122.022
1486,47.6681,-122.14299999999999
1487,47.4672,-122.006
1488,47.4981,-122.162
1489,47.5649,-122.38
1490,47.736999999999995,-122.20100000000001
1491,47.6988,-122.169
1492,47.603,-122.132
1493,47.7719,-122.235
1494,47.3026,-122.351
1495,47.596000000000004,-122.29799999999999
1496,47.5917,-122.38600000000001
1497,47.5259,-122.204
1498,47.4216,-122.17399999999999
1499,47.3527,-122.178
1500,47.443999999999996,-122.19
1501,47.506,-122.241
1502,47.7291,-122.363
1503,47.2964,-122.376
1504,47.6378,-122.37200000000001
1505,47.3396,-122.256
1506,47.5148,-122.15899999999999
1507,47.3786,-122.126
1508,47.2593,-122.22200000000001
1509,47.4425,-122.133
1510,47.7752,-122.197
1511,47.5294,-122.27600000000001
1512,47.4849,-121.78200000000001
1513,47.6482,-122.072
1514,47.4203,-122.15700000000001
1515,47.5739,-122.03200000000001
1516,47.559,-122.29799999999999
1517,47.6627,-122.03200000000001
1518,47.3658,-122.148
1519,47.6209,-122.31700000000001
1520,47.3724,-122.10799999999999
1521,47.4167,-122.302
1522,47.7321,-122.185
1523,47.7185,-122.11399999999999
1524,47.7223,-122.17399999999999
1525,47.5943,-122.133
1526,47.5968,-122.12700000000001
1527,47.5453,-121.995
1528,47.7237,-122.042
1529,47.6491,-122.405
1530,47.5389,-122.367
1531,47.6132,-122.21
1532,47.6981,-122.4
1533,47.5211,-122.15700000000001
1534,47.6919,-122.294
1535,47.5455,-122.184
1536,47.4979,-122.15299999999999
1537,47.6078,-122.15700000000001
1538,47.75100000000001,-122.338
1539,47.5038,-122.37899999999999
1540,47.6684,-122.40100000000001
1541,47.673,-122.18700000000001
1542,47.5491,-122.17
1543,47.3386,-122.288
1544,47.43899999999999,-122.14399999999999
1545,47.7163,-122.212
1546,47.4752,-122.17200000000001
1547,47.6684,-122.314
1548,47.2609,-122.289
1549,47.346000000000004,-122.315
1550,47.4053,-122.181
1551,47.4339,-122.167
1552,47.5318,-122.22399999999999
1553,47.7143,-122.211
1554,47.3646,-122.037
1555,47.5364,-121.85799999999999
1556,47.7591,-122.073
1557,47.5244,-122.38600000000001
1558,47.6515,-122.346
1559,47.7335,-122.193
1560,47.4291,-122.177
1561,47.5553,-122.26899999999999
1562,47.68600000000001,-122.395
1563,47.7582,-122.13
1564,47.32899999999999,-122.338
1565,47.3643,-122.04899999999999
1566,47.6647,-122.08
1567,47.5807,-121.97200000000001
1568,47.5369,-121.88799999999999
1569,47.3708,-122.311
1570,47.6888,-122.199
1571,47.7104,-122.24
1572,47.3311,-122.17
1573,47.6272,-122.03299999999999
1574,47.3699,-122.309
1575,47.3699,-122.309
1576,47.698,-122.351
1577,47.5765,-122.37799999999999
1578,47.5625,-122.316
1579,47.5308,-122.35
1580,47.7559,-122.148
1581,47.647,-122.41
1582,47.6194,-122.208
1583,47.495,-122.318
1584,47.6624,-122.071
1585,47.5286,-122.383
1586,47.7735,-122.363
1587,47.736999999999995,-122.325
1588,47.591,-122.01700000000001
1589,47.6844,-122.302
1590,47.4711,-121.75200000000001
1591,47.5947,-122.288
1592,47.6743,-122.285
1593,47.5833,-122.242
1594,47.5427,-122.288
1595,47.7429,-121.98100000000001
1596,47.6214,-122.15299999999999
1597,47.5658,-122.389
1598,47.3432,-122.025
1599,47.6393,-122.311
1600,47.5743,-122.238
1601,47.5623,-122.109
1602,47.2844,-122.21600000000001
1603,47.6694,-122.29799999999999
1604,47.4961,-122.06299999999999
1605,47.2621,-122.21799999999999
1606,47.504,-122.26
1607,47.3717,-122.277
1608,47.5718,-122.385
1609,47.4491,-121.78
1610,47.46,-121.708
1611,47.5928,-122.00399999999999
1612,47.5387,-122.265
1613,47.3836,-122.184
1614,47.6099,-122.29700000000001
1615,47.5554,-122.382
1616,47.703,-122.281
1617,47.5165,-122.376
1618,47.3134,-122.023
1619,47.3627,-122.285
1620,47.351000000000006,-122.087
1621,47.7667,-122.33
1622,47.4881,-121.721
1623,47.4785,-122.229
1624,47.6248,-122.301
1625,47.6258,-122.302
1626,47.6325,-122.303
1627,47.7234,-122.333
1628,47.4676,-122.184
1629,47.6471,-122.057
1630,47.7455,-122.11200000000001
1631,47.4904,-122.22200000000001
1632,47.5119,-122.255
1633,47.7289,-122.20100000000001
1634,47.4838,-122.29899999999999
1635,47.6819,-122.161
1636,47.7626,-122.29700000000001
1637,47.5484,-122.26899999999999
1638,47.588,-122.118
1639,47.5984,-122.176
1640,47.7286,-122.16799999999999
1641,47.4328,-122.196
1642,47.3192,-122.287
1643,47.6446,-122.40299999999999
1644,47.3845,-122.154
1645,47.5803,-122.39299999999999
1646,47.4982,-122.345
1647,47.6956,-122.303
1648,47.4887,-122.133
1649,47.4577,-122.289
1650,47.4832,-122.29899999999999
1651,47.6331,-121.945
1652,47.3012,-122.285
1653,47.736999999999995,-122.243
1654,47.401,-122.319
1655,47.5525,-122.31299999999999
1656,47.3086,-122.39200000000001
1657,47.5943,-122.296
1658,47.6086,-122.303
1659,47.4757,-122.148
1660,47.645,-122.084
1661,47.6506,-122.036
1662,47.5442,-122.38
1663,47.5797,-122.405
1664,47.3578,-122.178
1665,47.5536,-122.28299999999999
1666,47.6273,-122.345
1667,47.5588,-122.36399999999999
1668,47.6638,-122.348
1669,47.7198,-122.352
1670,47.4654,-122.17399999999999
1671,47.3679,-122.179
1672,47.6684,-122.331
1673,47.3107,-122.212
1674,47.5744,-122.28299999999999
1675,47.2043,-122.008
1676,47.5301,-122.271
1677,47.5572,-122.281
1678,47.771,-122.09899999999999
1679,47.5934,-122.244
1680,47.7674,-122.31
1681,47.7433,-122.259
1682,47.6001,-122.178
1683,47.7073,-122.244
1684,47.7635,-122.286
1685,47.696999999999996,-122.175
1686,47.4599,-122.45
1687,47.6713,-122.383
1688,47.7386,-122.238
1689,47.2804,-122.251
1690,47.708999999999996,-122.073
1691,47.7242,-122.161
1692,47.7114,-122.301
1693,47.3583,-121.927
1694,47.3473,-122.085
1695,47.5937,-122.04700000000001
1696,47.7269,-122.24
1697,47.5452,-122.39299999999999
1698,47.3605,-122.04899999999999
1699,47.619,-122.311
1700,47.3628,-122.087
1701,47.2662,-122.088
1702,47.7208,-122.236
1703,47.3058,-122.306
1704,47.6272,-122.316
1705,47.7443,-122.32700000000001
1706,47.3477,-122.271
1707,47.7353,-121.973
1708,47.4582,-122.365
1709,47.2966,-122.374
1710,47.7556,-122.352
1711,47.4212,-122.199
1712,47.69,-122.29899999999999
1713,47.3438,-122.039
1714,47.611999999999995,-122.292
1715,47.5275,-122.383
1716,47.7735,-122.37799999999999
1717,47.2313,-122.023
1718,47.5562,-122.22
1719,47.7574,-122.228
1720,47.5407,-122.177
1721,47.4774,-122.098
1722,47.5233,-122.185
1723,47.3708,-122.04899999999999
1724,47.3129,-122.369
1725,47.3689,-122.055
1726,47.4819,-122.223
1727,47.6848,-122.398
1728,47.5774,-122.22200000000001
1729,47.5283,-122.321
1730,47.6377,-122.212
1731,47.5816,-122.0
1732,47.5832,-122.399
1733,47.535,-122.348
1734,47.4617,-122.07
1735,47.3084,-122.234
1736,47.608999999999995,-122.307
1737,47.7201,-122.06200000000001
1738,47.5151,-122.12
1739,47.3747,-122.124
1740,47.4797,-122.179
1741,47.4724,-122.014
1742,47.6845,-122.33200000000001
1743,47.753,-122.145
1744,47.5449,-121.995
1745,47.2207,-121.984
1746,47.5655,-122.39399999999999
1747,47.7341,-122.3
1748,47.5124,-122.16
1749,47.6698,-122.323
1750,47.5122,-122.385
1751,47.6518,-122.4
1752,47.5533,-122.09700000000001
1753,47.4922,-122.365
1754,47.5678,-122.03200000000001
1755,47.473,-122.193
1756,47.6216,-122.03200000000001
1757,47.7657,-122.29
1758,47.5487,-122.272
1759,47.5593,-122.3
1760,47.5424,-122.16799999999999
1761,47.5784,-122.226
1762,47.7673,-122.1
1763,47.4568,-122.146
1764,47.6637,-122.346
1765,47.7654,-122.29700000000001
1766,47.6416,-122.355
1767,47.4977,-122.226
1768,47.6878,-122.215
1769,47.5305,-122.351
1770,47.7368,-122.18299999999999
1771,47.2939,-122.368
1772,47.7534,-121.912
1773,47.6453,-121.912
1774,47.4464,-122.12299999999999
1775,47.3996,-122.20299999999999
1776,47.652,-122.2
1777,47.7115,-122.355
1778,47.651,-122.34100000000001
1779,47.7319,-122.132
1780,47.3069,-122.01299999999999
1781,47.7768,-122.361
1782,47.6367,-122.059
1783,47.3045,-122.37799999999999
1784,47.5347,-122.38
1785,47.6592,-122.39299999999999
1786,47.5133,-122.35600000000001
1787,47.7535,-122.314
1788,47.4332,-122.167
1789,47.5567,-122.15899999999999
1790,47.3221,-121.90299999999999
1791,47.2853,-122.265
1792,47.6453,-122.35799999999999
1793,47.6214,-121.946
1794,47.6654,-122.137
1795,47.495,-122.266
1796,47.7066,-122.359
1797,47.5726,-122.305
1798,47.2845,-122.25
1799,47.5613,-122.11
1800,47.5563,-122.28
1801,47.5208,-122.15
1802,47.4324,-122.145
1803,47.4961,-122.235
1804,47.5644,-122.012
1805,47.3065,-122.15799999999999
1806,47.6749,-122.00200000000001
1807,47.7148,-122.213
1808,47.7076,-122.337
1809,47.4407,-122.275
1810,47.763999999999996,-122.167
1811,47.7507,-122.23700000000001
1812,47.6042,-121.956
1813,47.5459,-121.99700000000001
1814,47.6955,-122.287
1815,47.6255,-122.314
1816,47.6292,-122.225
1817,47.611999999999995,-122.064
1818,47.7477,-122.34200000000001
1819,47.7563,-122.075
1820,47.7235,-121.958
1821,47.5333,-122.39200000000001
1822,47.4979,-122.23200000000001
1823,47.6831,-122.37299999999999
1824,47.5784,-122.39299999999999
1825,47.4522,-122.208
1826,47.5654,-122.384
1827,47.6738,-122.281
1828,47.5294,-122.38600000000001
1829,47.681000000000004,-122.361
1830,47.5071,-122.387
1831,47.7172,-122.34899999999999
1832,47.4136,-122.318
1833,47.6499,-122.37
1834,47.3651,-122.044
1835,47.3945,-122.31299999999999
1836,47.5671,-122.15700000000001
1837,47.2761,-122.152
1838,47.506,-122.384
1839,47.5526,-122.102
1840,47.6848,-122.32600000000001
1841,47.5875,-122.229
1842,47.589,-122.387
1843,47.4626,-122.132
1844,47.6503,-122.338
1845,47.6892,-122.37799999999999
1846,47.6482,-122.412
1847,47.4017,-122.321
1848,47.4248,-122.15799999999999
1849,47.4285,-122.345
1850,47.7167,-122.17
1851,47.5293,-122.272
1852,47.7679,-122.30799999999999
1853,47.3717,-122.104
1854,47.3576,-122.016
1855,47.5653,-122.146
1856,47.7161,-122.014
1857,47.6273,-122.12299999999999
1858,47.5866,-122.171
1859,47.5319,-122.38600000000001
1860,47.583999999999996,-122.07700000000001
1861,47.5846,-122.383
1862,47.4787,-122.23
1863,47.4787,-122.23
1864,47.6955,-122.18299999999999
1865,47.7252,-122.331
1866,47.7367,-122.195
1867,47.46100000000001,-122.0
1868,47.6059,-122.307
1869,47.308,-122.209
1870,47.5707,-122.39399999999999
1871,47.6825,-122.19
1872,47.7366,-122.319
1873,47.7508,-122.175
1874,47.5133,-122.031
1875,47.5932,-122.05799999999999
1876,47.5933,-122.075
1877,47.6916,-122.214
1878,47.4913,-122.154
1879,47.4834,-122.182
1880,47.6873,-122.333
1881,47.4805,-122.178
1882,47.4169,-122.16799999999999
1883,47.506,-122.331
1884,47.5818,-121.973
1885,47.2592,-122.304
1886,47.5916,-122.11200000000001
1887,47.5998,-122.306
1888,47.7297,-122.139
1889,47.4646,-122.15
1890,47.7615,-122.36200000000001
1891,47.6671,-122.057
1892,47.5739,-122.234
1893,47.6053,-122.291
1894,47.5858,-122.17
1895,47.7323,-122.304
1896,47.3737,-122.31200000000001
1897,47.7505,-122.315
1898,47.4868,-122.204
1899,47.7231,-122.301
1900,47.7278,-122.177
1901,47.6264,-122.06200000000001
1902,47.6362,-122.363
1903,47.6918,-122.32
1904,47.5595,-122.31700000000001
1905,47.5289,-122.391
1906,47.4873,-122.14399999999999
1907,47.3032,-122.12299999999999
1908,47.6997,-122.314
1909,47.6288,-122.04299999999999
1910,47.7756,-122.351
1911,47.4608,-122.35799999999999
1912,47.6968,-122.024
1913,47.5703,-122.385
1914,47.545,-122.171
1915,47.345,-122.28299999999999
1916,47.3413,-122.04799999999999
1917,47.7366,-122.35
1918,47.5286,-122.376
1919,47.3466,-122.323
1920,47.7681,-122.266
1921,47.3583,-122.056
1922,47.7429,-122.056
1923,47.568999999999996,-122.007
1924,47.318999999999996,-122.344
1925,47.5311,-122.353
1926,47.7659,-122.31
1927,47.6726,-122.381
1928,47.486000000000004,-122.12899999999999
1929,47.4514,-122.273
1930,47.5173,-122.275
1931,47.5759,-121.995
1932,47.56,-122.316
1933,47.5846,-122.29
1934,47.6918,-122.163
1935,47.7034,-122.072
1936,47.4481,-122.338
1937,47.5922,-122.008
1938,47.3452,-122.30799999999999
1939,47.5573,-122.16
1940,47.3817,-122.166
1941,47.3386,-122.272
1942,47.6315,-122.29
1943,47.6338,-122.319
1944,47.6664,-122.045
1945,47.5854,-122.11399999999999
1946,47.3034,-122.383
1947,47.3853,-122.479
1948,47.558,-122.39200000000001
1949,47.6108,-122.044
1950,47.3009,-122.384
1951,47.4413,-122.15100000000001
1952,47.6232,-122.13799999999999
1953,47.5679,-122.01100000000001
1954,47.6951,-121.86399999999999
1955,47.4414,-122.272
1956,47.3744,-122.04299999999999
1957,47.4549,-122.155
1958,47.68899999999999,-122.352
1959,47.2615,-122.221
1960,47.6391,-122.40299999999999
1961,47.3133,-122.07799999999999
1962,47.4498,-122.194
1963,47.5491,-122.26799999999999
1964,47.6513,-122.346
1965,47.4891,-122.19
1966,47.483000000000004,-122.02600000000001
1967,47.6775,-122.38799999999999
1968,47.4589,-122.353
1969,47.7182,-121.956
1970,47.5637,-122.11200000000001
1971,47.5631,-122.381
1972,47.6862,-122.391
1973,47.6964,-122.306
1974,47.6638,-122.171
1975,47.6199,-122.025
1976,47.6055,-122.01299999999999
1977,47.3574,-122.15799999999999
1978,47.7235,-122.369
1979,47.5357,-122.179
1980,47.3053,-122.34
1981,47.6768,-122.285
1982,47.7116,-122.213
1983,47.7359,-121.962
1984,47.7166,-122.29299999999999
1985,47.6298,-122.29
1986,47.6711,-122.331
1987,47.5001,-122.23100000000001
1988,47.5566,-122.15299999999999
1989,47.5318,-121.833
1990,47.3781,-122.126
1991,47.6829,-122.06
1992,47.6912,-122.34
1993,47.4156,-122.149
1994,47.4925,-122.27799999999999
1995,47.3043,-122.21600000000001
1996,47.6211,-122.037
1997,47.6125,-122.152
1998,47.6711,-122.329
1999,47.36,-122.194
2000,47.3056,-122.21700000000001
2001,47.5379,-122.37799999999999
2002,47.739,-122.264
2003,47.4967,-121.77799999999999
2004,47.6296,-122.30799999999999
2005,47.6367,-122.318
2006,47.54,-122.26899999999999
2007,47.4369,-122.147
2008,47.3336,-122.272
2009,47.6971,-122.02600000000001
2010,47.57100000000001,-122.227
2011,47.7024,-122.322
2012,47.3457,-122.041
2013,47.4296,-122.111
2014,47.4509,-122.275
2015,47.6357,-122.324
2016,47.5834,-122.00299999999999
2017,47.4882,-122.339
2018,47.7022,-122.227
2019,47.4356,-122.20100000000001
2020,47.7001,-122.36200000000001
2021,47.659,-122.17399999999999
2022,47.5956,-122.009
2023,47.6758,-122.38
2024,47.5188,-122.376
2025,47.6991,-122.296
2026,47.4498,-122.28
2027,47.3317,-121.927
2028,47.7611,-122.12799999999999
2029,47.2107,-121.99
2030,47.5113,-122.338
2031,47.5518,-122.383
2032,47.4754,-122.119
2033,47.7262,-122.23299999999999
2034,47.5767,-122.383
2035,47.7053,-122.34200000000001
2036,47.5434,-122.29299999999999
2037,47.5434,-122.29299999999999
2038,47.6702,-122.26
2039,47.3939,-122.177
2040,47.6757,-122.385
2041,47.2021,-121.999
2042,47.5833,-122.242
2043,47.5352,-122.37
2044,47.632,-122.289
2045,47.7097,-122.20200000000001
2046,47.7021,-122.241
2047,47.7136,-122.03
2048,47.3074,-122.385
2049,47.3291,-122.16799999999999
2050,47.4764,-122.155
2051,47.7512,-122.329
2052,47.3561,-122.015
2053,47.2923,-122.35700000000001
2054,47.5376,-122.37100000000001
2055,47.428000000000004,-122.32600000000001
2056,47.5242,-121.926
2057,47.7031,-122.279
2058,47.3539,-122.025
2059,47.7287,-122.31
2060,47.6647,-122.337
2061,47.6823,-122.29799999999999
2062,47.6075,-122.147
2063,47.3701,-122.079
2064,47.7187,-122.219
2065,47.6304,-122.051
2066,47.7567,-122.071
2067,47.6799,-122.375
2068,47.3054,-122.221
2069,47.5953,-121.986
2070,47.3609,-122.029
2071,47.5186,-122.375
2072,47.54,-122.382
2073,47.5779,-122.24600000000001
2074,47.6789,-122.04799999999999
2075,47.7137,-122.322
2076,47.4225,-122.15
2077,47.6265,-122.31200000000001
2078,47.6849,-122.363
2079,47.4909,-122.29799999999999
2080,47.6868,-122.10799999999999
2081,47.5801,-122.229
2082,47.6256,-122.28399999999999
2083,47.585,-122.22200000000001
2084,47.3673,-122.01700000000001
2085,47.7191,-122.023
2086,47.555,-122.11399999999999
2087,47.5879,-121.993
2088,47.7677,-122.359
2089,47.5826,-122.24600000000001
2090,47.7163,-122.29899999999999
2091,47.5742,-122.37899999999999
2092,47.4852,-122.305
2093,47.6545,-122.333
2094,47.315,-122.193
2095,47.5744,-122.307
2096,47.7029,-122.29700000000001
2097,47.72,-122.32
2098,47.6039,-122.29799999999999
2099,47.62600000000001,-122.11200000000001
2100,47.3025,-122.382
2101,47.6748,-122.37899999999999
2102,47.3841,-122.041
2103,47.4892,-122.182
2104,47.4195,-122.33
2105,47.4334,-122.148
2106,47.6093,-122.07
2107,47.4643,-122.171
2108,47.5831,-122.39200000000001
2109,47.7447,-122.32799999999999
2110,47.6003,-122.206
2111,47.5812,-121.995
2112,47.3646,-122.07600000000001
2113,47.7267,-122.23200000000001
2114,47.4745,-122.12
2115,47.2969,-122.189
2116,47.6288,-122.321
2117,47.5833,-122.073
2118,47.5509,-122.16
2119,47.7221,-122.124
2120,47.6943,-122.184
2121,47.6628,-122.056
2122,47.6729,-122.335
2123,47.7313,-122.37
2124,47.3643,-122.185
2125,47.3643,-122.185
2126,47.3151,-122.19
2127,47.5075,-122.37700000000001
2128,47.5215,-122.383
2129,47.7158,-122.167
2130,47.53,-122.351
2131,47.5597,-122.26700000000001
2132,47.3127,-122.339
2133,47.3496,-122.289
2134,47.6565,-122.27799999999999
2135,47.4997,-122.23100000000001
2136,47.7565,-122.35799999999999
2137,47.6079,-122.195
2138,47.5883,-122.111
2139,47.4799,-122.296
2140,47.5833,-121.97
2141,47.3096,-122.37700000000001
2142,47.4568,-122.169
2143,47.71100000000001,-122.353
2144,47.5927,-122.20299999999999
2145,47.3812,-122.023
2146,47.6726,-122.38
2147,47.4725,-122.20200000000001
2148,47.5608,-122.08200000000001
2149,47.5484,-122.045
2150,47.6379,-122.11200000000001
2151,47.6782,-122.365
2152,47.453,-122.289
2153,47.4585,-122.13
2154,47.5411,-122.39200000000001
2155,47.7489,-122.185
2156,47.6357,-122.119
2157,47.75,-122.245
2158,47.6624,-122.354
2159,47.3524,-122.285
2160,47.2891,-122.351
2161,47.6169,-122.309
2162,47.428000000000004,-122.199
2163,47.2685,-122.23100000000001
2164,47.7505,-122.31700000000001
2165,47.7428,-122.244
2166,47.4911,-122.17
2167,47.7119,-122.365
2168,47.2634,-122.211
2169,47.214,-121.993
2170,47.7534,-122.21799999999999
2171,47.369,-122.084
2172,47.6052,-122.3
2173,47.6508,-122.368
2174,47.6255,-122.199
2175,47.56100000000001,-122.226
2176,47.7425,-121.98100000000001
2177,47.5487,-122.197
2178,47.6949,-122.37
2179,47.6275,-122.227
2180,47.7689,-122.37899999999999
2181,47.5056,-122.244
2182,47.2697,-122.31200000000001
2183,47.7425,-122.289
2184,47.489,-122.316
2185,47.5051,-122.344
2186,47.7406,-122.31299999999999
2187,47.7133,-122.30799999999999
2188,47.6163,-122.056
2189,47.6474,-122.11
2190,47.5898,-121.98899999999999
2191,47.6377,-121.995
2192,47.4257,-122.146
2193,47.5699,-122.177
2194,47.3552,-122.02600000000001
2195,47.3287,-122.353
2196,47.7623,-122.256
2197,47.3739,-122.126
2198,47.6406,-122.156
2199,47.5408,-121.861
2200,47.4052,-122.17
2201,47.5723,-122.007
2202,47.3733,-122.057
2203,47.5752,-121.995
2204,47.3188,-122.212
2205,47.358999999999995,-122.04899999999999
2206,47.6422,-122.40299999999999
2207,47.6456,-122.389
2208,47.688,-122.163
2209,47.5535,-122.36200000000001
2210,47.6231,-122.102
2211,47.7272,-122.311
2212,47.6711,-122.36399999999999
2213,47.5471,-122.155
2214,47.4763,-122.206
2215,47.7302,-121.97399999999999
2216,47.6794,-122.37
2217,47.3477,-122.024
2218,47.7244,-122.22200000000001
2219,47.3168,-122.17399999999999
2220,47.3714,-122.431
2221,47.6831,-122.189
2222,47.3534,-122.057
2223,47.5515,-122.083
2224,47.6299,-122.09899999999999
2225,47.72,-122.229
2226,47.364,-122.094
2227,47.3182,-122.189
2228,47.7034,-122.18799999999999
2229,47.6236,-122.103
2230,47.7529,-122.116
2231,47.6039,-122.059
2232,47.6466,-122.389
2233,47.2159,-121.964
2234,47.5524,-122.11200000000001
2235,47.2953,-122.185
2236,47.5557,-122.27799999999999
2237,47.3933,-122.195
2238,47.4275,-122.331
2239,47.6501,-122.37
2240,47.3552,-122.001
2241,47.5137,-122.333
2242,47.6147,-122.045
2243,47.6988,-122.354
2244,47.7698,-122.26799999999999
2245,47.6876,-122.04899999999999
2246,47.692,-122.338
2247,47.5041,-122.25299999999999
2248,47.3402,-122.046
2249,47.5281,-122.375
2250,47.4131,-122.331
2251,47.6658,-122.132
2252,47.5578,-122.212
2253,47.5632,-122.182
2254,47.1985,-122.001
2255,47.4042,-122.194
2256,47.4185,-122.212
2257,47.753,-122.32799999999999
2258,47.278,-122.205
2259,47.769,-122.316
2260,47.7454,-121.977
2261,47.3082,-122.35799999999999
2262,47.6049,-122.126
2263,47.3334,-122.289
2264,47.4232,-122.324
2265,47.5922,-122.20700000000001
2266,47.7027,-122.34700000000001
2267,47.2083,-122.005
2268,47.4799,-122.23200000000001
2269,47.6904,-122.295
2270,47.2853,-122.22
2271,47.295,-122.086
2272,47.5724,-122.301
2273,47.6263,-122.124
2274,47.4513,-122.26799999999999
2275,47.6562,-122.354
2276,47.6792,-122.287
2277,47.5439,-122.38600000000001
2278,47.6108,-122.30799999999999
2279,47.6943,-122.29899999999999
2280,47.7232,-122.17399999999999
2281,47.6272,-122.29
2282,47.4081,-122.178
2283,47.3682,-122.148
2284,47.4268,-122.34299999999999
2285,47.7586,-122.303
2286,47.5396,-122.18
2287,47.7628,-122.163
2288,47.6793,-122.3
2289,47.7466,-122.07700000000001
2290,47.3186,-122.391
2291,47.7109,-122.311
2292,47.4267,-122.331
2293,47.6388,-122.3
2294,47.6866,-122.31700000000001
2295,47.3813,-122.204
2296,47.6518,-122.16
2297,47.3993,-122.18299999999999
2298,47.3371,-122.325
2299,47.6181,-122.117
2300,47.5121,-122.17
2301,47.3065,-122.22200000000001
2302,47.7202,-122.339
2303,47.5854,-122.08
2304,47.5543,-122.275
2305,47.3367,-122.33200000000001
2306,47.6406,-122.304
2307,47.5892,-122.20299999999999
2308,47.5342,-122.036
2309,47.7229,-122.359
2310,47.5687,-121.898
2311,47.4974,-122.23100000000001
2312,47.5831,-122.193
2313,47.7228,-122.369
2314,47.6599,-122.146
2315,47.5744,-122.305
2316,47.6976,-122.169
2317,47.7317,-122.197
2318,47.6394,-122.29
2319,47.3648,-122.14299999999999
2320,47.5659,-122.117
2321,47.6895,-122.37
2322,47.5674,-122.14200000000001
2323,47.5331,-122.27799999999999
2324,47.2927,-122.18299999999999
2325,47.7675,-122.26100000000001
2326,47.2103,-121.999
2327,47.5245,-121.926
2328,47.5172,-122.375
2329,47.5133,-122.37200000000001
2330,47.295,-122.37
2331,47.5159,-122.395
2332,47.4056,-122.176
2333,47.6939,-122.34
2334,47.4445,-122.17
2335,47.3565,-122.015
2336,47.3989,-122.164
2337,47.5684,-122.06
2338,47.3417,-122.28299999999999
2339,47.6379,-122.387
2340,47.5493,-121.993
2341,47.7482,-122.244
2342,47.6852,-122.311
2343,47.4871,-122.219
2344,47.3053,-122.0
2345,47.6704,-122.39
2346,47.3487,-122.315
2347,47.6892,-122.311
2348,47.6195,-122.118
2349,47.5515,-122.189
2350,47.481,-122.116
2351,47.573,-122.383
2352,47.705,-122.118
2353,47.6471,-122.01299999999999
2354,47.7443,-122.26
2355,47.4552,-122.354
2356,47.3715,-122.074
2357,47.2796,-122.24700000000001
2358,47.3731,-122.31200000000001
2359,47.7088,-122.302
2360,47.4623,-122.345
2361,47.4756,-122.294
2362,47.5328,-122.051
2363,47.7416,-122.32
2364,47.5584,-122.28299999999999
2365,47.5825,-122.4
2366,47.6875,-122.39299999999999
2367,47.5848,-122.027
2368,47.5615,-122.279
2369,47.4464,-122.49700000000001
2370,47.7508,-122.34899999999999
2371,47.6869,-122.39200000000001
2372,47.652,-122.031
2373,47.7766,-122.277
2374,47.327,-122.26700000000001
2375,47.5488,-122.29799999999999
2376,47.7669,-122.26799999999999
2377,47.3911,-122.191
2378,47.3693,-122.041
2379,47.3198,-122.178
2380,47.5115,-122.256
2381,47.7261,-122.17
2382,47.3391,-122.09299999999999
2383,47.2855,-122.36
2384,47.3375,-122.04799999999999
2385,47.2959,-122.37299999999999
2386,47.3769,-122.02799999999999
2387,47.6445,-122.167
2388,47.4627,-122.12899999999999
2389,47.5028,-121.76899999999999
2390,47.5003,-122.32799999999999
2391,47.3542,-122.014
2392,47.2735,-122.295
2393,47.5377,-122.221
2394,47.5299,-122.35700000000001
2395,47.3258,-122.32799999999999
2396,47.7278,-122.19200000000001
2397,47.6444,-122.22
2398,47.5273,-122.265
2399,47.6641,-122.176
2400,47.3843,-122.03200000000001
2401,47.5637,-122.139
2402,47.7076,-122.23200000000001
2403,47.6819,-122.311
2404,47.2751,-122.25200000000001
2405,47.681000000000004,-122.167
2406,47.6113,-122.05799999999999
2407,47.667,-122.178
2408,47.3635,-122.054
2409,47.1879,-121.973
2410,47.6979,-122.11200000000001
2411,47.7457,-122.141
2412,47.3323,-122.27600000000001
2413,47.5327,-122.27600000000001
2414,47.5297,-121.82700000000001
2415,47.6768,-122.26899999999999
2416,47.4288,-122.15299999999999
2417,47.5716,-122.022
2418,47.7072,-122.01700000000001
2419,47.7266,-121.96600000000001
2420,47.7437,-122.291
2421,47.6805,-122.36399999999999
2422,47.5396,-121.99799999999999
2423,47.5571,-122.21600000000001
2424,47.3826,-122.02799999999999
2425,47.7163,-122.303
2426,47.3357,-122.336
2427,47.6154,-122.28299999999999
2428,47.7542,-122.307
2429,47.7383,-122.074
2430,47.7064,-122.344
2431,47.7152,-122.322
2432,47.3424,-122.07700000000001
2433,47.4856,-122.24700000000001
2434,47.4287,-122.163
2435,47.6877,-122.28299999999999
2436,47.582,-122.194
2437,47.548,-122.375
2438,47.5383,-121.87899999999999
2439,47.7654,-122.359
2440,47.4461,-122.208
2441,47.3159,-122.18299999999999
2442,47.6042,-122.11200000000001
2443,47.7002,-122.191
2444,47.5696,-122.156
2445,47.5025,-122.14200000000001
2446,47.5899,-121.979
2447,47.6151,-122.21600000000001
2448,47.6897,-122.175
2449,47.5223,-122.286
2450,47.6434,-122.115
2451,47.3347,-122.17
2452,47.5328,-121.87100000000001
2453,47.6396,-122.40899999999999
2454,47.458,-122.368
2455,47.7346,-122.352
2456,47.7074,-122.101
2457,47.7386,-122.09100000000001
2458,47.7218,-122.37
2459,47.5829,-122.24700000000001
2460,47.5852,-122.38799999999999
2461,47.2871,-122.354
2462,47.4705,-121.75399999999999
2463,47.685,-122.15799999999999
2464,47.5875,-122.382
2465,47.3809,-122.09700000000001
2466,47.6269,-122.09
2467,47.5878,-122.31200000000001
2468,47.6268,-122.353
2469,47.6715,-122.39299999999999
2470,47.7212,-122.331
2471,47.5988,-122.20700000000001
2472,47.6133,-122.152
2473,47.7252,-122.331
2474,47.19600000000001,-122.006
2475,47.5791,-122.241
2476,47.7071,-122.336
2477,47.6326,-122.119
2478,47.7393,-122.325
2479,47.5484,-122.287
2480,47.6901,-122.339
2481,47.7168,-122.333
2482,47.4857,-122.25299999999999
2483,47.4581,-122.162
2484,47.5457,-122.15299999999999
2485,47.6344,-122.10700000000001
2486,47.7342,-122.20200000000001
2487,47.1896,-122.01299999999999
2488,47.5707,-121.999
2489,47.6108,-122.06
2490,47.7738,-122.26100000000001
2491,47.4476,-121.771
2492,47.4476,-121.771
2493,47.5938,-122.154
2494,47.3262,-122.214
2495,47.3262,-122.214
2496,47.3059,-122.368
2497,47.4887,-122.34299999999999
2498,47.68600000000001,-122.391
2499,47.5344,-122.345
2500,47.5256,-122.38
2501,47.5256,-122.38
2502,47.7515,-122.17399999999999
2503,47.5359,-122.27600000000001
2504,47.5439,-121.99600000000001
2505,47.5506,-121.993
2506,47.6773,-122.37200000000001
2507,47.5858,-122.015
2508,47.4924,-122.175
2509,47.7573,-122.21700000000001
2510,47.7224,-121.926
2511,47.553000000000004,-121.946
2512,47.6869,-122.036
2513,47.5136,-122.316
2514,47.6999,-122.39299999999999
2515,47.4849,-122.301
2516,47.5366,-122.26799999999999
2517,47.5713,-121.99700000000001
2518,47.6118,-122.306
2519,47.3838,-122.02600000000001
2520,47.2809,-122.296
2521,47.3781,-122.314
2522,47.301,-122.226
2523,47.5903,-122.15700000000001
2524,47.4369,-122.338
2525,47.5688,-122.087
2526,47.4612,-122.365
2527,47.6965,-122.34200000000001
2528,47.7086,-122.01899999999999
2529,47.6865,-122.37899999999999
2530,47.6865,-122.37899999999999
2531,47.5937,-121.98200000000001
2532,47.7448,-122.3
2533,47.5848,-122.384
2534,47.6791,-122.149
2535,47.7211,-122.166
2536,47.3545,-122.001
2537,47.6847,-122.387
2538,47.6959,-122.376
2539,47.7749,-122.15899999999999
2540,47.3283,-122.337
2541,47.3323,-122.079
2542,47.7734,-122.315
2543,47.6825,-122.036
2544,47.3672,-122.01899999999999
2545,47.5558,-122.00200000000001
2546,47.3472,-122.11
2547,47.2877,-122.28299999999999
2548,47.2808,-122.3
2549,47.68600000000001,-122.346
2550,47.2599,-122.215
2551,47.7701,-122.389
2552,47.3305,-122.285
2553,47.7497,-122.245
2554,47.4941,-122.34
2555,47.3424,-122.32600000000001
2556,47.6357,-122.397
2557,47.6158,-122.29299999999999
2558,47.7239,-122.164
2559,47.277,-122.34700000000001
2560,47.6297,-122.09899999999999
2561,47.6381,-122.304
2562,47.5605,-122.15799999999999
2563,47.5605,-122.15799999999999
2564,47.6037,-122.311
2565,47.549,-122.17299999999999
2566,47.5762,-122.37700000000001
2567,47.6005,-122.204
2568,47.3092,-122.37200000000001
2569,47.4723,-121.74600000000001
2570,47.7329,-121.92
2571,47.5667,-122.01799999999999
2572,47.6782,-122.27799999999999
2573,47.5533,-121.992
2574,47.302,-122.382
2575,47.3762,-122.18299999999999
2576,47.6676,-122.069
2577,47.3163,-122.14200000000001
2578,47.375,-122.022
2579,47.6554,-122.333
2580,47.6908,-122.052
2581,47.6481,-122.406
2582,47.7168,-122.19200000000001
2583,47.4442,-122.12899999999999
2584,47.4598,-122.352
2585,47.5209,-122.374
2586,47.6805,-122.301
2587,47.7076,-121.359
2588,47.6838,-122.352
2589,47.7231,-122.17
2590,47.6319,-122.022
2591,47.3539,-122.024
2592,47.5901,-122.167
2593,47.4943,-121.789
2594,47.6144,-122.211
2595,47.4983,-122.167
2596,47.3665,-122.18299999999999
2597,47.5268,-122.34299999999999
2598,47.6712,-122.14200000000001
2599,47.6859,-122.322
2600,47.5492,-122.274
2601,47.2113,-121.992
2602,47.5821,-122.016
2603,47.4883,-122.191
2604,47.7199,-122.085
2605,47.5763,-122.0
2606,47.5934,-122.30799999999999
2607,47.6914,-122.103
2608,47.46,-121.70700000000001
2609,47.4213,-122.322
2610,47.3442,-122.06200000000001
2611,47.3714,-122.103
2612,47.5883,-122.11200000000001
2613,47.5779,-122.294
2614,47.3672,-122.31200000000001
2615,47.4921,-122.275
2616,47.6035,-122.285
2617,47.4836,-122.204
2618,47.544,-122.126
2619,47.7015,-122.31700000000001
2620,47.5497,-122.07700000000001
2621,47.7041,-122.34
2622,47.6496,-122.083
2623,47.6256,-122.059
2624,47.7493,-122.28
2625,47.3944,-121.97200000000001
2626,47.7518,-122.279
2627,47.6754,-122.307
2628,47.7575,-122.36399999999999
2629,47.3327,-122.306
2630,47.3327,-122.306
2631,47.713,-122.225
2632,47.4952,-122.068
2633,47.3146,-122.04299999999999
2634,47.7122,-122.29
2635,47.672,-122.397
2636,47.4075,-122.196
2637,47.7225,-122.20200000000001
2638,47.6383,-122.098
2639,47.6402,-122.171
2640,47.2741,-122.301
2641,47.4717,-122.323
2642,47.7517,-122.225
2643,47.5468,-122.23100000000001
2644,47.6732,-122.272
2645,47.6829,-122.37799999999999
2646,47.6322,-122.053
2647,47.5852,-121.992
2648,47.2872,-122.28299999999999
2649,47.6533,-122.18299999999999
2650,47.7159,-122.367
2651,47.5726,-122.213
2652,47.674,-122.196
2653,47.6944,-122.355
2654,47.3774,-122.16
2655,47.6765,-122.404
2656,47.5512,-122.17
2657,47.4303,-122.334
2658,47.4969,-122.06
2659,47.2671,-122.236
2660,47.3995,-122.318
2661,47.7432,-122.24799999999999
2662,47.6895,-122.331
2663,47.7509,-122.3
2664,47.485,-121.79899999999999
2665,47.5891,-122.387
2666,47.5533,-122.11
2667,47.2811,-122.214
2668,47.7284,-122.241
2669,47.7252,-122.18700000000001
2670,47.5665,-122.316
2671,47.5652,-122.01299999999999
2672,47.4472,-121.774
2673,47.358999999999995,-122.191
2674,47.6305,-122.3
2675,47.5375,-122.176
2676,47.6102,-122.11399999999999
2677,47.3126,-122.04299999999999
2678,47.6707,-122.36399999999999
2679,47.4499,-122.176
2680,47.6715,-122.166
2681,47.5847,-122.08
2682,47.7422,-122.1
2683,47.5071,-122.369
2684,47.7114,-122.35600000000001
2685,47.5756,-122.316
2686,47.4777,-122.14200000000001
2687,47.6893,-122.167
2688,47.4941,-122.19
2689,47.7351,-121.985
2690,47.4436,-122.21
2691,47.5909,-122.15799999999999
2692,47.7085,-122.117
2693,47.7085,-122.24
2694,47.6828,-122.39299999999999
2695,47.5056,-122.27
2696,47.6048,-122.31200000000001
2697,47.492,-122.309
2698,47.6685,-122.305
2699,47.4759,-122.208
2700,47.6495,-122.194
2701,47.6566,-122.35799999999999
2702,47.5568,-122.271
2703,47.486999999999995,-122.28200000000001
2704,47.6788,-122.162
2705,47.7669,-122.26799999999999
2706,47.593,-122.054
2707,47.57899999999999,-122.39
2708,47.6233,-122.3
2709,47.4288,-122.19
2710,47.6355,-122.037
2711,47.5373,-121.865
2712,47.4572,-122.18
2713,47.7427,-122.17200000000001
2714,47.5087,-122.193
2715,47.6444,-122.191
2716,47.6895,-122.382
2717,47.3529,-122.274
2718,47.758,-122.075
2719,47.3607,-122.291
2720,47.6966,-122.025
2721,47.5881,-122.29899999999999
2722,47.6506,-122.384
2723,47.3293,-122.194
2724,47.5585,-122.117
2725,47.6935,-122.28
2726,47.6987,-122.23100000000001
2727,47.5712,-122.316
2728,47.69300000000001,-122.16799999999999
2729,47.5049,-122.329
2730,47.6126,-122.12
2731,47.4278,-122.152
2732,47.6401,-122.10799999999999
2733,47.4745,-121.72399999999999
2734,47.5035,-122.302
2735,47.751999999999995,-122.35
2736,47.4002,-122.31700000000001
2737,47.5736,-122.109
2738,47.6218,-122.209
2739,47.6754,-122.32700000000001
2740,47.3655,-122.17399999999999
2741,47.3474,-122.025
2742,47.4181,-122.339
2743,47.6813,-122.275
2744,47.438,-122.152
2745,47.598,-122.01899999999999
2746,47.3667,-122.182
2747,47.7736,-122.37100000000001
2748,47.3216,-122.291
2749,47.3716,-122.31
2750,47.5762,-122.415
2751,47.3517,-121.999
2752,47.5664,-122.12899999999999
2753,47.5314,-121.854
2754,47.4716,-121.756
2755,47.1776,-122.01100000000001
2756,47.6948,-122.36399999999999
2757,47.3274,-122.346
2758,47.5893,-122.15
2759,47.5945,-121.98100000000001
2760,47.5688,-122.397
2761,47.6867,-122.354
2762,47.721000000000004,-122.179
2763,47.7699,-122.16799999999999
2764,47.6956,-122.335
2765,47.7655,-122.35
2766,47.7011,-122.206
2767,47.4994,-122.26100000000001
2768,47.5872,-122.241
2769,47.5008,-122.162
2770,47.6346,-122.01100000000001
2771,47.6968,-122.12700000000001
2772,47.7188,-122.177
2773,47.3364,-122.307
2774,47.2881,-122.294
2775,47.309,-122.34899999999999
2776,47.5356,-122.384
2777,47.3499,-122.177
2778,47.5379,-122.16
2779,47.5859,-122.291
2780,47.5252,-122.361
2781,47.5137,-122.37
2782,47.3823,-122.3
2783,47.7019,-122.366
2784,47.4504,-122.37700000000001
2785,47.70399999999999,-122.101
2786,47.6012,-122.291
2787,47.7204,-122.18
2788,47.5761,-122.205
2789,47.5196,-122.376
2790,47.556000000000004,-122.156
2791,47.2983,-122.374
2792,47.6512,-122.20200000000001
2793,47.7388,-121.97200000000001
2794,47.7195,-122.287
2795,47.5768,-122.22200000000001
2796,47.3921,-122.163
2797,47.5086,-122.258
2798,47.3491,-122.16799999999999
2799,47.4661,-121.99700000000001
2800,47.3313,-122.198
2801,47.6727,-122.32
2802,47.369,-122.09299999999999
2803,47.4538,-122.125
2804,47.7399,-122.197
2805,47.3878,-122.03399999999999
2806,47.526,-121.809
2807,47.7641,-122.306
2808,47.3035,-122.307
2809,47.6844,-122.016
2810,47.6368,-122.21799999999999
2811,47.5271,-122.32600000000001
2812,47.5926,-122.296
2813,47.6807,-122.26700000000001
2814,47.6726,-122.265
2815,47.6667,-122.337
2816,47.653,-122.415
2817,47.278,-122.145
2818,47.6947,-122.346
2819,47.5619,-122.315
2820,47.5362,-121.87799999999999
2821,47.6168,-122.301
2822,47.7506,-122.06299999999999
2823,47.6976,-122.381
2824,47.3126,-122.023
2825,47.5609,-122.10600000000001
2826,47.5732,-122.411
2827,47.4514,-122.178
2828,47.6784,-122.285
2829,47.3085,-122.381
2830,47.508,-122.18299999999999
2831,47.7088,-122.20200000000001
2832,47.5934,-122.154
2833,47.6765,-122.285
2834,47.6644,-122.28
2835,47.6601,-122.135
2836,47.6891,-122.318
2837,47.3303,-122.351
2838,47.55,-122.38799999999999
2839,47.6782,-122.306
2840,47.7668,-122.21799999999999
2841,47.6968,-122.124
2842,47.3659,-122.09200000000001
2843,47.5806,-122.244
2844,47.4615,-122.0
2845,47.4775,-121.691
2846,47.489,-122.18
2847,47.4476,-122.12799999999999
2848,47.553000000000004,-122.365
2849,47.6056,-122.305
2850,47.6816,-122.038
2851,47.6842,-122.344
2852,47.62300000000001,-122.304
2853,47.6182,-122.302
2854,47.7067,-122.12899999999999
2855,47.5348,-121.87700000000001
2856,47.5447,-122.124
2857,47.3565,-121.94
2858,47.6617,-122.02600000000001
2859,47.6971,-122.315
2860,47.7283,-122.194
2861,47.592,-122.01799999999999
2862,47.5925,-122.287
2863,47.6787,-122.301
2864,47.7176,-122.236
2865,47.6348,-122.06
2866,47.663999999999994,-122.287
2867,47.7353,-121.962
2868,47.6608,-122.035
2869,47.228,-122.088
2870,47.3882,-122.053
2871,47.7342,-121.96799999999999
2872,47.6853,-122.35600000000001
2873,47.6756,-122.29899999999999
2874,47.5975,-122.17399999999999
2875,47.3501,-122.02
2876,47.4718,-122.34200000000001
2877,47.7347,-121.976
2878,47.6788,-122.28299999999999
2879,47.3782,-122.319
2880,47.6982,-122.28200000000001
2881,47.5495,-122.23200000000001
2882,47.4449,-121.979
2883,47.7249,-122.178
2884,47.6874,-122.336
2885,47.4545,-121.988
2886,47.2873,-122.367
2887,47.4487,-122.03299999999999
2888,47.2622,-122.28200000000001
2889,47.5698,-122.37700000000001
2890,47.3299,-122.046
2891,47.6872,-122.296
2892,47.6336,-122.06299999999999
2893,47.505,-122.171
2894,47.5373,-122.22399999999999
2895,47.7056,-122.34200000000001
2896,47.7167,-122.20200000000001
2897,47.6499,-122.21600000000001
2898,47.7565,-122.28399999999999
2899,47.4941,-122.15100000000001
2900,47.4119,-122.211
2901,47.5758,-122.287
2902,47.566,-122.225
2903,47.5732,-122.13600000000001
2904,47.7589,-122.21600000000001
2905,47.7288,-122.28399999999999
2906,47.6827,-122.324
2907,47.7604,-122.35600000000001
2908,47.7202,-122.249
2909,47.5267,-122.36
2910,47.3616,-122.286
2911,47.4384,-122.34700000000001
2912,47.7336,-122.29
2913,47.6388,-122.103
2914,47.5785,-122.292
2915,47.5142,-122.163
2916,47.5414,-122.281
2917,47.6292,-122.024
2918,47.6249,-122.311
2919,47.6619,-122.351
2920,47.5989,-122.016
2921,47.7281,-122.289
2922,47.6978,-122.318
2923,47.4565,-122.066
2924,47.4374,-122.335
2925,47.713,-121.315
2926,47.6264,-122.113
2927,47.5924,-122.302
2928,47.5579,-122.395
2929,47.6834,-122.292
2930,47.3644,-122.08200000000001
2931,47.2635,-122.28399999999999
2932,47.4956,-122.163
2933,47.5666,-121.902
2934,47.6618,-121.962
2935,47.2973,-122.08
2936,47.4947,-122.185
2937,47.6971,-122.34
2938,47.6789,-122.116
2939,47.373999999999995,-122.296
2940,47.3741,-122.189
2941,47.4355,-122.272
2942,47.6507,-122.00399999999999
2943,47.6689,-122.37
2944,47.5748,-122.031
2945,47.4353,-122.335
2946,47.5119,-122.321
2947,47.5961,-122.305
2948,47.7344,-122.336
2949,47.5929,-122.133
2950,47.3167,-122.214
2951,47.4893,-122.13799999999999
2952,47.7596,-122.117
2953,47.7309,-122.336
2954,47.5522,-122.14399999999999
2955,47.6527,-122.38600000000001
2956,47.7204,-122.115
2957,47.5602,-121.86
2958,47.2221,-122.059
2959,47.6049,-122.288
2960,47.7693,-122.32
2961,47.7716,-122.39200000000001
2962,47.3782,-122.514
2963,47.6493,-122.398
2964,47.6725,-122.272
2965,47.2707,-122.34
2966,47.4943,-122.331
2967,47.5647,-122.10799999999999
2968,47.7344,-122.24600000000001
2969,47.7703,-122.35
2970,47.7433,-122.194
2971,47.5473,-122.37100000000001
2972,47.6172,-122.23
2973,47.7612,-122.344
2974,47.6652,-122.338
2975,47.6652,-122.338
2976,47.6497,-122.39299999999999
2977,47.342,-122.279
2978,47.4951,-122.352
2979,47.5729,-122.315
2980,47.535,-122.04899999999999
2981,47.574,-122.415
2982,47.6033,-122.287
2983,47.5672,-122.161
2984,47.5901,-122.198
2985,47.3412,-122.10799999999999
2986,47.6601,-121.946
2987,47.5153,-122.37
2988,47.4948,-122.37
2989,47.7257,-122.162
2990,47.727,-122.3
2991,47.6388,-122.399
2992,47.6196,-122.29799999999999
2993,47.7224,-122.101
2994,47.4804,-122.133
2995,47.6743,-122.30799999999999
2996,47.442,-122.28200000000001
2997,47.6921,-122.28299999999999
2998,47.3078,-122.383
2999,47.6822,-122.399
3000,47.6882,-122.382
3001,47.4713,-122.344
3002,47.6033,-122.295
3003,47.5275,-122.271
3004,47.7194,-122.022
3005,47.633,-122.28200000000001
3006,47.5576,-122.376
3007,47.6331,-122.31
3008,47.3285,-122.134
3009,47.5386,-122.37299999999999
3010,47.5747,-122.414
3011,47.4369,-122.272
3012,47.3115,-122.209
3013,47.5646,-122.184
3014,47.6269,-122.1
3015,47.7219,-122.102
3016,47.7074,-122.34899999999999
3017,47.5165,-122.37200000000001
3018,47.5547,-122.14399999999999
3019,47.7728,-122.25299999999999
3020,47.2773,-122.27600000000001
3021,47.6916,-122.352
3022,47.7203,-122.194
3023,47.5185,-122.363
3024,47.5204,-122.206
3025,47.4117,-122.209
3026,47.71100000000001,-122.306
3027,47.668,-122.06299999999999
3028,47.7514,-122.286
3029,47.7567,-122.073
3030,47.3706,-122.31
3031,47.4105,-122.295
3032,47.4105,-122.295
3033,47.6399,-122.15799999999999
3034,47.7274,-122.20200000000001
3035,47.4866,-122.23200000000001
3036,47.6946,-122.36200000000001
3037,47.59,-122.229
3038,47.5843,-122.06
3039,47.4393,-122.34700000000001
3040,47.7216,-121.883
3041,47.6939,-122.368
3042,47.6879,-122.39200000000001
3043,47.6999,-122.305
3044,47.7204,-122.196
3045,47.5771,-122.15100000000001
3046,47.5319,-121.867
3047,47.3224,-122.34299999999999
3048,47.7165,-122.30799999999999
3049,47.6993,-122.37799999999999
3050,47.6285,-122.118
3051,47.5622,-122.022
3052,47.5128,-122.251
3053,47.643,-122.361
3054,47.6771,-122.398
3055,47.3665,-122.10700000000001
3056,47.5478,-122.15299999999999
3057,47.7326,-122.194
3058,47.5124,-121.866
3059,47.7431,-122.286
3060,47.5065,-122.339
3061,47.5259,-122.26100000000001
3062,47.6715,-122.164
3063,47.5959,-122.291
3064,47.5659,-122.37
3065,47.7041,-122.351
3066,47.3314,-122.18
3067,47.3063,-122.223
3068,47.7246,-122.28399999999999
3069,47.6955,-122.301
3070,47.7318,-122.305
3071,47.6205,-122.291
3072,47.6898,-122.384
3073,47.7055,-122.315
3074,47.6651,-122.19
3075,47.3637,-122.083
3076,47.5496,-122.279
3077,47.7705,-122.26899999999999
3078,47.7471,-122.324
3079,47.7317,-122.296
3080,47.6896,-122.36200000000001
3081,47.5077,-122.26799999999999
3082,47.6835,-122.34700000000001
3083,47.4806,-122.287
3084,47.6496,-122.39200000000001
3085,47.4639,-121.744
3086,47.3488,-122.15100000000001
3087,47.4723,-121.70700000000001
3088,47.6474,-122.36200000000001
3089,47.6344,-122.214
3090,47.341,-122.265
3091,47.3045,-122.351
3092,47.7152,-122.28200000000001
3093,47.5515,-122.35700000000001
3094,47.5202,-122.37299999999999
3095,47.3074,-122.37100000000001
3096,47.2917,-122.18799999999999
3097,47.2974,-122.37200000000001
3098,47.4302,-122.095
3099,47.4864,-122.337
3100,47.6467,-122.304
3101,47.6583,-122.273
3102,47.3348,-122.324
3103,47.7176,-122.36
3104,47.7703,-122.34299999999999
3105,47.7315,-122.226
3106,47.5098,-122.334
3107,47.5006,-122.334
3108,47.5437,-122.395
3109,47.2976,-122.271
3110,47.6536,-122.414
3111,47.6649,-122.08
3112,47.5307,-122.04700000000001
3113,47.766999999999996,-121.90299999999999
3114,47.7602,-122.27799999999999
3115,47.5659,-122.36
3116,47.56100000000001,-122.275
3117,47.6231,-122.292
3118,47.5285,-122.135
3119,47.6474,-122.412
3120,47.4954,-122.152
3121,47.5502,-122.26799999999999
3122,47.6925,-122.32
3123,47.7302,-122.096
3124,47.3745,-122.23100000000001
3125,47.4954,-122.366
3126,47.6362,-122.28200000000001
3127,47.505,-122.366
3128,47.6032,-122.285
3129,47.6398,-122.39299999999999
3130,47.6782,-122.311
3131,47.7326,-122.291
3132,47.7677,-122.315
3133,47.4956,-122.162
3134,47.6612,-122.363
3135,47.6725,-122.396
3136,47.6804,-122.37799999999999
3137,47.4418,-121.772
3138,47.4052,-122.02799999999999
3139,47.2914,-122.368
3140,47.5747,-122.384
3141,47.7572,-122.228
3142,47.5903,-122.38799999999999
3143,47.4217,-122.333
3144,47.6462,-122.384
3145,47.7027,-122.28200000000001
3146,47.6135,-122.307
3147,47.5292,-122.348
3148,47.5426,-121.87899999999999
3149,47.4708,-122.015
3150,47.6283,-122.31200000000001
3151,47.4915,-122.167
3152,47.681999999999995,-122.34899999999999
3153,47.6563,-122.40100000000001
3154,47.4485,-122.369
3155,47.6924,-122.321
3156,47.4521,-122.36
3157,47.7767,-122.37799999999999
3158,47.7014,-122.381
3159,47.5281,-122.38799999999999
3160,47.7528,-122.119
3161,47.6838,-122.38600000000001
3162,47.77,-122.259
3163,47.31100000000001,-122.345
3164,47.5117,-122.24799999999999
3165,47.5183,-122.265
3166,47.6782,-122.314
3167,47.435,-122.34700000000001
3168,47.431000000000004,-122.338
3169,47.7612,-122.31
3170,47.6478,-122.061
3171,47.4688,-122.01299999999999
3172,47.5476,-122.012
3173,47.7164,-122.351
3174,47.6531,-122.37299999999999
3175,47.3986,-122.169
3176,47.6631,-122.337
3177,47.5363,-122.385
3178,47.3794,-122.113
3179,47.6659,-122.369
3180,47.6545,-122.348
3181,47.5133,-122.196
3182,47.6621,-122.288
3183,47.2609,-122.27
3184,47.6332,-122.29
3185,47.4572,-122.351
3186,47.5232,-122.383
3187,47.566,-122.38
3188,47.6782,-122.361
3189,47.5734,-122.395
3190,47.4629,-122.18700000000001
3191,47.5862,-122.054
3192,47.3198,-122.38600000000001
3193,47.5916,-122.29299999999999
3194,47.707,-122.316
3195,47.4231,-122.329
3196,47.7002,-122.314
3197,47.4938,-122.262
3198,47.6405,-122.301
3199,47.489,-122.337
3200,47.7653,-122.07700000000001
3201,47.26300000000001,-122.21600000000001
3202,47.5755,-122.396
3203,47.7002,-121.912
3204,47.6662,-122.083
3205,47.5142,-122.389
3206,47.6624,-122.01
3207,47.5843,-122.385
3208,47.6873,-122.291
3209,47.5631,-122.31700000000001
3210,47.678999999999995,-122.368
3211,47.6602,-122.18799999999999
3212,47.7045,-122.37899999999999
3213,47.5444,-121.881
3214,47.3606,-122.039
3215,47.7301,-122.223
3216,47.7262,-122.06
3217,47.3608,-122.29
3218,47.6692,-122.399
3219,47.4678,-121.745
3220,47.2082,-121.995
3221,47.3494,-122.15299999999999
3222,47.6822,-122.4
3223,47.3631,-122.27600000000001
3224,47.5286,-122.03200000000001
3225,47.4486,-122.353
3226,47.6501,-122.21700000000001
3227,47.6787,-122.363
3228,47.5489,-122.09200000000001
3229,47.7539,-122.219
3230,47.6797,-122.359
3231,47.4408,-122.461
3232,47.4388,-122.339
3233,47.5877,-122.316
3234,47.5135,-122.2
3235,47.3967,-122.17399999999999
3236,47.4866,-122.303
3237,47.3239,-122.35
3238,47.4563,-122.348
3239,47.7256,-122.166
3240,47.4639,-121.744
3241,47.3635,-122.045
3242,47.6826,-122.37799999999999
3243,47.473,-122.32799999999999
3244,47.6028,-122.29799999999999
3245,47.5027,-122.33
3246,47.6795,-122.20200000000001
3247,47.3729,-122.295
3248,47.3401,-122.06700000000001
3249,47.5488,-122.197
3250,47.6178,-122.29899999999999
3251,47.7013,-122.35
3252,47.7629,-122.315
3253,47.638999999999996,-122.219
3254,47.643,-122.359
3255,47.6387,-122.28399999999999
3256,47.733000000000004,-122.09
3257,47.5285,-122.37799999999999
3258,47.4858,-122.20200000000001
3259,47.7127,-122.325
3260,47.6944,-122.274
3261,47.6668,-122.29899999999999
3262,47.3146,-122.384
3263,47.5552,-122.311
3264,47.69300000000001,-121.868
3265,47.5728,-122.163
3266,47.6245,-122.193
3267,47.5659,-122.38
3268,47.6417,-121.992
3269,47.6068,-122.11200000000001
3270,47.6446,-122.068
3271,47.6739,-122.323
3272,47.3241,-122.322
3273,47.7334,-122.167
3274,47.6341,-122.208
3275,47.7126,-122.104
3276,47.667,-122.333
3277,47.6645,-122.32600000000001
3278,47.6203,-122.212
3279,47.6387,-122.177
3280,47.6786,-122.367
3281,47.5157,-122.116
3282,47.5249,-122.37299999999999
3283,47.28,-122.257
3284,47.5333,-122.38799999999999
3285,47.6615,-122.179
3286,47.4327,-122.32799999999999
3287,47.3618,-122.195
3288,47.5483,-122.39399999999999
3289,47.7121,-122.072
3290,47.3066,-122.209
3291,47.6371,-122.119
3292,47.1559,-121.646
3293,47.3061,-122.359
3294,47.6952,-122.323
3295,47.6779,-122.294
3296,47.6779,-122.294
3297,47.6308,-122.31200000000001
3298,47.6503,-122.368
3299,47.494,-122.165
3300,47.5624,-122.39399999999999
3301,47.3106,-121.999
3302,47.6971,-122.281
3303,47.5253,-121.93
3304,47.3684,-122.09200000000001
3305,47.3174,-122.366
3306,47.6776,-122.361
3307,47.4787,-122.12899999999999
3308,47.6837,-122.291
3309,47.6919,-122.37100000000001
3310,47.3321,-122.105
3311,47.551,-122.35600000000001
3312,47.7512,-122.34
3313,47.5116,-122.161
3314,47.2843,-122.294
3315,47.5669,-122.01700000000001
3316,47.6044,-122.28399999999999
3317,47.4777,-121.76299999999999
3318,47.4075,-122.294
3319,47.5378,-122.369
3320,47.4828,-121.71799999999999
3321,47.559,-122.397
3322,47.3488,-122.095
3323,47.7589,-122.277
3324,47.4562,-122.15799999999999
3325,47.6192,-122.29899999999999
3326,47.3784,-122.303
3327,47.3857,-122.212
3328,47.3937,-122.323
3329,47.3009,-122.125
3330,47.3103,-122.199
3331,47.1986,-121.96700000000001
3332,47.5427,-122.38799999999999
3333,47.68,-122.399
3334,47.3061,-122.36
3335,47.6458,-122.32
3336,47.3156,-122.18799999999999
3337,47.4956,-122.161
3338,47.657,-122.39399999999999
3339,47.5709,-122.01799999999999
3340,47.596000000000004,-122.311
3341,47.5954,-122.206
3342,47.5448,-122.32
3343,47.6134,-122.11200000000001
3344,47.6963,-122.39299999999999
3345,47.5631,-122.085
3346,47.4843,-121.75200000000001
3347,47.7627,-122.353
3348,47.6825,-122.09700000000001
3349,47.5773,-122.226
3350,47.4762,-122.29299999999999
3351,47.6803,-122.387
3352,47.7289,-122.20299999999999
3353,47.6044,-122.16799999999999
3354,47.5689,-122.39299999999999
3355,47.2635,-122.31200000000001
3356,47.7648,-122.33
3357,47.7661,-122.205
3358,47.5293,-122.272
3359,47.67,-122.155
3360,47.4468,-122.34100000000001
3361,47.3671,-122.029
3362,47.4029,-122.321
3363,47.3814,-122.322
3364,47.448,-122.12100000000001
3365,47.667,-122.336
3366,47.4493,-121.777
3367,47.7061,-122.307
3368,47.6693,-122.339
3369,47.6877,-122.325
3370,47.5972,-122.01799999999999
3371,47.7203,-122.024
3372,47.7409,-122.089
3373,47.6659,-122.14399999999999
3374,47.4177,-122.319
3375,47.5426,-121.995
3376,47.7399,-122.09899999999999
3377,47.7306,-122.227
3378,47.6993,-122.118
3379,47.7231,-122.038
3380,47.6342,-122.34200000000001
3381,47.6306,-122.288
3382,47.6915,-122.053
3383,47.6304,-122.21799999999999
3384,47.7256,-122.361
3385,47.7097,-122.305
3386,47.4806,-122.152
3387,47.5658,-122.27600000000001
3388,47.2877,-122.29299999999999
3389,47.2109,-121.985
3390,47.6868,-122.34899999999999
3391,47.6254,-122.292
3392,47.5472,-122.37100000000001
3393,47.2718,-122.291
3394,47.4889,-122.259
3395,47.4116,-122.029
3396,47.6337,-122.199
3397,47.7661,-122.071
3398,47.4752,-121.755
3399,47.2841,-122.255
3400,47.3891,-122.28200000000001
3401,47.6642,-122.36200000000001
3402,47.5709,-122.38799999999999
3403,47.5414,-122.133
3404,47.633,-122.28299999999999
3405,47.6259,-122.051
3406,47.395,-122.176
3407,47.6357,-122.322
3408,47.6805,-122.38
3409,47.772,-122.322
3410,47.4873,-122.324
3411,47.3749,-122.225
3412,47.7504,-122.306
3413,47.4937,-122.184
3414,47.45399999999999,-122.14399999999999
3415,47.7321,-122.34100000000001
3416,47.7463,-122.336
3417,47.6995,-122.17399999999999
3418,47.5018,-122.126
3419,47.5239,-122.288
3420,47.7135,-122.33200000000001
3421,47.6709,-122.27600000000001
3422,47.6936,-122.294
3423,47.6801,-122.38
3424,47.6612,-122.148
3425,47.3608,-122.036
3426,47.6869,-122.31700000000001
3427,47.7241,-121.95700000000001
3428,47.7273,-122.309
3429,47.7168,-122.34
3430,47.5683,-122.285
3431,47.7434,-122.242
3432,47.3895,-122.023
3433,47.7729,-122.17200000000001
3434,47.4401,-122.279
3435,47.5809,-122.191
3436,47.5657,-122.23
3437,47.5707,-122.359
3438,47.6441,-122.113
3439,47.7049,-122.34
3440,47.5265,-121.823
3441,47.4933,-122.245
3442,47.6427,-122.363
3443,47.4454,-122.185
3444,47.5433,-121.887
3445,47.7357,-122.193
3446,47.5699,-122.389
3447,47.7554,-122.353
3448,47.6528,-122.40799999999999
3449,47.6182,-122.31200000000001
3450,47.6793,-122.395
3451,47.4914,-121.76299999999999
3452,47.7161,-122.219
3453,47.6225,-122.064
3454,47.736000000000004,-122.295
3455,47.3256,-122.141
3456,47.5347,-122.227
3457,47.6317,-122.301
3458,47.4482,-122.462
3459,47.7713,-122.259
3460,47.6074,-122.213
3461,47.558,-122.266
3462,47.3425,-122.08200000000001
3463,47.4804,-122.15100000000001
3464,47.6815,-122.382
3465,47.5048,-122.241
3466,47.5737,-122.383
3467,47.3727,-122.177
3468,47.5019,-122.235
3469,47.3661,-122.021
3470,47.5284,-122.387
3471,47.6677,-122.324
3472,47.5869,-121.96700000000001
3473,47.6381,-122.06200000000001
3474,47.6408,-122.40299999999999
3475,47.4868,-122.33
3476,47.7076,-122.37700000000001
3477,47.5162,-122.176
3478,47.5491,-122.005
3479,47.3625,-122.084
3480,47.6735,-122.041
3481,47.4976,-122.262
3482,47.3215,-122.351
3483,47.3278,-122.262
3484,47.4561,-122.35700000000001
3485,47.7294,-122.34100000000001
3486,47.6367,-121.958
3487,47.5402,-122.29799999999999
3488,47.443999999999996,-122.18700000000001
3489,47.422,-122.066
3490,47.468999999999994,-122.06299999999999
3491,47.5727,-122.37200000000001
3492,47.6813,-122.367
3493,47.6803,-122.37100000000001
3494,47.6825,-122.307
3495,47.6785,-122.351
3496,47.5498,-122.214
3497,47.5261,-122.162
3498,47.6742,-122.35
3499,47.5616,-122.275
3500,47.5808,-122.189
3501,47.733999999999995,-122.19
3502,47.5691,-122.28399999999999
3503,47.3735,-122.43
3504,47.7389,-122.221
3505,47.6735,-122.39299999999999
3506,47.4977,-122.163
3507,47.6973,-122.36
3508,47.7355,-122.095
3509,47.4489,-122.456
3510,47.5897,-122.229
3511,47.339,-122.266
3512,47.4999,-122.32700000000001
3513,47.7688,-122.21799999999999
3514,47.4286,-122.179
3515,47.5795,-122.285
3516,47.5851,-122.072
3517,47.6937,-122.338
3518,47.6572,-122.335
3519,47.626999999999995,-122.361
3520,47.4012,-122.11
3521,47.7274,-122.35700000000001
3522,47.6215,-122.22399999999999
3523,47.2052,-121.98700000000001
3524,47.325,-122.205
3525,47.5743,-122.209
3526,47.5834,-122.307
3527,47.6847,-122.318
3528,47.6059,-122.3
3529,47.428999999999995,-122.154
3530,47.4479,-122.213
3531,47.3694,-122.03200000000001
3532,47.3392,-121.897
3533,47.7263,-122.314
3534,47.7604,-122.331
3535,47.4797,-122.35799999999999
3536,47.4869,-122.34
3537,47.4869,-122.34
3538,47.5679,-122.40899999999999
3539,47.3554,-122.29799999999999
3540,47.4551,-122.272
3541,47.4667,-122.214
3542,47.7461,-122.324
3543,47.6734,-122.329
3544,47.5672,-122.111
3545,47.6268,-122.05
3546,47.6483,-122.163
3547,47.3324,-122.17
3548,47.7436,-122.35600000000001
3549,47.6382,-122.11
3550,47.4678,-122.294
3551,47.4476,-122.169
3552,47.7017,-122.354
3553,47.5803,-122.294
3554,47.6151,-122.145
3555,47.6896,-122.35700000000001
3556,47.5529,-122.305
3557,47.6725,-122.329
3558,47.5243,-122.204
3559,47.5636,-121.932
3560,47.6591,-122.39200000000001
3561,47.5263,-122.051
3562,47.3133,-122.36399999999999
3563,47.2924,-122.271
3564,47.5266,-122.39200000000001
3565,47.6347,-122.355
3566,47.4878,-122.221
3567,47.2917,-122.375
3568,47.4659,-122.116
3569,47.7477,-122.117
3570,47.3623,-122.309
3571,47.7709,-122.29700000000001
3572,47.4963,-121.787
3573,47.4459,-122.272
3574,47.7743,-122.27
3575,47.504,-122.36200000000001
3576,47.5577,-122.399
3577,47.6313,-122.17200000000001
3578,47.6412,-122.079
3579,47.3639,-122.109
3580,47.5188,-122.265
3581,47.3116,-122.35799999999999
3582,47.5922,-122.38799999999999
3583,47.7248,-122.325
3584,47.6418,-122.39399999999999
3585,47.4773,-122.28
3586,47.6317,-122.124
3587,47.5658,-122.01799999999999
3588,47.6843,-122.185
3589,47.3612,-122.28399999999999
3590,47.5485,-122.302
3591,47.6146,-122.11399999999999
3592,47.637,-121.969
3593,47.3672,-122.126
3594,47.4503,-122.15700000000001
3595,47.695,-122.176
3596,47.3087,-122.354
3597,47.5203,-122.39299999999999
3598,47.6999,-122.391
3599,47.6221,-122.325
3600,47.5578,-122.132
3601,47.5577,-122.391
3602,47.4438,-122.34
3603,47.5237,-122.199
3604,47.7424,-122.09100000000001
3605,47.6481,-121.916
3606,47.5615,-122.165
3607,47.7675,-122.279
3608,47.2649,-122.21799999999999
3609,47.6342,-122.353
3610,47.3826,-122.146
3611,47.6933,-122.272
3612,47.6972,-122.34100000000001
3613,47.5599,-122.12100000000001
3614,47.6888,-122.30799999999999
3615,47.483000000000004,-122.33
3616,47.6828,-122.38799999999999
3617,47.4789,-121.779
3618,47.4749,-122.339
3619,47.674,-122.37899999999999
3620,47.674,-122.37899999999999
3621,47.4646,-121.759
3622,47.6782,-122.397
3623,47.7304,-122.227
3624,47.7046,-122.29299999999999
3625,47.5591,-122.26799999999999
3626,47.5944,-122.155
3627,47.4485,-122.355
3628,47.5402,-122.38
3629,47.6802,-121.90799999999999
3630,47.6567,-122.13
3631,47.206,-121.99799999999999
3632,47.5607,-122.21700000000001
3633,47.6692,-122.13600000000001
3634,47.2808,-122.225
3635,47.4942,-122.235
3636,47.525,-122.35600000000001
3637,47.6557,-122.38799999999999
3638,47.59,-122.081
3639,47.5892,-122.20200000000001
3640,47.5773,-122.39299999999999
3641,47.6712,-122.279
3642,47.4682,-122.28299999999999
3643,47.7719,-122.338
3644,47.5329,-122.294
3645,47.5351,-122.223
3646,47.376999999999995,-122.31
3647,47.371,-122.12700000000001
3648,47.653999999999996,-122.337
3649,47.431999999999995,-122.348
3650,47.4034,-122.189
3651,47.4656,-121.756
3652,47.3172,-122.322
3653,47.6717,-122.025
3654,47.7503,-122.348
3655,47.5451,-122.014
3656,47.549,-122.305
3657,47.327,-122.039
3658,47.4981,-121.772
3659,47.5498,-122.383
3660,47.5471,-122.133
3661,47.571999999999996,-122.139
3662,47.5387,-121.87899999999999
3663,47.5904,-122.315
3664,47.7749,-122.04799999999999
3665,47.6068,-122.13
3666,47.3679,-122.182
3667,47.3666,-121.978
3668,47.5407,-121.86
3669,47.7632,-122.29
3670,47.4378,-122.279
3671,47.7108,-122.12
3672,47.5641,-122.39299999999999
3673,47.4896,-122.204
3674,47.6729,-122.29899999999999
3675,47.5448,-122.17399999999999
3676,47.3585,-121.975
3677,47.3357,-122.175
3678,47.6112,-122.303
3679,47.3245,-122.209
3680,47.4759,-121.735
3681,47.5915,-122.20200000000001
3682,47.5133,-122.196
3683,47.6369,-122.355
3684,47.573,-122.225
3685,47.5539,-122.26799999999999
3686,47.503,-122.35600000000001
3687,47.4362,-122.286
3688,47.2979,-122.22399999999999
3689,47.5759,-122.223
3690,47.5496,-122.311
3691,47.6703,-122.41
3692,47.7772,-122.296
3693,47.6652,-122.36200000000001
3694,47.7478,-122.338
3695,47.6748,-122.38600000000001
3696,47.4036,-122.191
3697,47.6872,-122.12299999999999
3698,47.736999999999995,-122.305
3699,47.5483,-122.277
3700,47.7121,-122.287
3701,47.5447,-122.27
3702,47.5601,-122.363
3703,47.2956,-122.272
3704,47.4097,-122.06299999999999
3705,47.5637,-122.085
3706,47.739,-122.194
3707,47.6904,-122.397
3708,47.7171,-122.32
3709,47.7317,-122.181
3710,47.678000000000004,-122.26899999999999
3711,47.445,-122.27600000000001
3712,47.6771,-122.17200000000001
3713,47.3576,-122.156
3714,47.6799,-122.26799999999999
3715,47.762,-122.355
3716,47.715,-122.12100000000001
3717,47.538000000000004,-122.223
3718,47.7717,-122.11200000000001
3719,47.7512,-122.281
3720,47.6197,-122.3
3721,47.453,-122.118
3722,47.6102,-121.993
3723,47.3782,-122.161
3724,47.6878,-122.366
3725,47.5662,-122.37899999999999
3726,47.6286,-122.051
3727,47.4848,-121.801
3728,47.5979,-122.135
3729,47.7429,-122.285
3730,47.7151,-122.227
3731,47.6319,-122.288
3732,47.566,-122.37299999999999
3733,47.5828,-122.395
3734,47.6731,-122.199
3735,47.7149,-121.96
3736,47.3489,-122.022
3737,47.6384,-121.959
3738,47.6386,-122.18299999999999
3739,47.4514,-122.134
3740,47.6737,-122.28399999999999
3741,47.6116,-122.169
3742,47.4703,-122.11200000000001
3743,47.7306,-121.96600000000001
3744,47.6168,-122.21600000000001
3745,47.6357,-122.324
3746,47.532,-121.76100000000001
3747,47.6963,-122.34200000000001
3748,47.773999999999994,-122.134
3749,47.6205,-122.294
3750,47.6317,-122.11399999999999
3751,47.3186,-122.289
3752,47.681000000000004,-122.38799999999999
3753,47.681000000000004,-122.38799999999999
3754,47.4743,-122.274
3755,47.505,-122.258
3756,47.4966,-122.255
3757,47.6206,-122.225
3758,47.4476,-121.723
3759,47.7066,-121.96799999999999
3760,47.5459,-122.27
3761,47.6452,-122.37299999999999
3762,47.7285,-122.179
3763,47.4752,-122.271
3764,47.5298,-122.273
3765,47.6561,-122.274
3766,47.5323,-122.351
3767,47.3509,-122.323
3768,47.4218,-122.21799999999999
3769,47.7046,-122.10700000000001
3770,47.7179,-122.316
3771,47.3646,-122.211
3772,47.5707,-122.12899999999999
3773,47.6914,-122.214
3774,47.6707,-122.288
3775,47.4572,-122.007
3776,47.68,-122.165
3777,47.5825,-121.97
3778,47.5293,-122.287
3779,47.3338,-122.26799999999999
3780,47.6617,-122.34899999999999
3781,47.4899,-122.337
3782,47.4899,-122.337
3783,47.7614,-122.229
3784,47.623999999999995,-122.2
3785,47.5265,-122.05
3786,47.7209,-122.331
3787,47.7084,-122.277
3788,47.6943,-122.209
3789,47.4497,-122.289
3790,47.4497,-122.289
3791,47.6392,-122.163
3792,47.4743,-122.17
3793,47.5716,-122.15899999999999
3794,47.7258,-122.117
3795,47.6034,-122.17200000000001
3796,47.6592,-122.399
3797,47.7721,-121.92399999999999
3798,47.483999999999995,-122.346
3799,47.6422,-122.361
3800,47.3261,-122.355
3801,47.3046,-122.215
3802,47.4946,-122.18700000000001
3803,47.6073,-122.19200000000001
3804,47.3785,-122.322
3805,47.551,-122.369
3806,47.5892,-122.29
3807,47.6806,-122.167
3808,47.598,-121.97200000000001
3809,47.6374,-122.288
3810,47.5703,-121.99600000000001
3811,47.7743,-122.286
3812,47.3865,-122.322
3813,47.5798,-122.39299999999999
3814,47.6078,-122.169
3815,47.6901,-122.36200000000001
3816,47.547,-122.302
3817,47.5895,-122.229
3818,47.3526,-122.012
3819,47.4672,-122.296
3820,47.6294,-122.344
3821,47.3655,-122.08
3822,47.5442,-121.99600000000001
3823,47.717,-122.02600000000001
3824,47.3864,-122.30799999999999
3825,47.3551,-122.475
3826,47.7423,-122.09899999999999
3827,47.5532,-122.365
3828,47.3958,-122.16799999999999
3829,47.6644,-122.148
3830,47.7364,-121.98100000000001
3831,47.6701,-122.291
3832,47.5256,-122.35700000000001
3833,47.6741,-122.396
3834,47.701,-122.36200000000001
3835,47.6841,-122.213
3836,47.4261,-122.199
3837,47.5265,-122.20200000000001
3838,47.5807,-122.39399999999999
3839,47.5298,-122.344
3840,47.542,-122.322
3841,47.7749,-122.28299999999999
3842,47.568999999999996,-122.12700000000001
3843,47.6952,-122.096
3844,47.3783,-122.00299999999999
3845,47.3492,-122.152
3846,47.3639,-122.055
3847,47.5166,-122.26899999999999
3848,47.2582,-121.935
3849,47.6097,-122.287
3850,47.6473,-122.40700000000001
3851,47.5,-122.34700000000001
3852,47.2124,-122.005
3853,47.5409,-122.26799999999999
3854,47.4815,-122.162
3855,47.6945,-122.17
3856,47.5715,-122.12799999999999
3857,47.63399999999999,-122.288
3858,47.3143,-122.134
3859,47.7015,-122.316
3860,47.5826,-122.37799999999999
3861,47.6339,-122.124
3862,47.5325,-122.37799999999999
3863,47.5298,-121.88
3864,47.3426,-122.285
3865,47.6298,-122.36200000000001
3866,47.4191,-122.33
3867,47.5317,-122.23299999999999
3868,47.3645,-122.039
3869,47.3138,-122.19200000000001
3870,47.4655,-122.346
3871,47.5236,-122.184
3872,47.6987,-122.36
3873,47.473,-122.36200000000001
3874,47.5249,-122.37
3875,47.5249,-122.37
3876,47.4947,-122.36
3877,47.4006,-122.18799999999999
3878,47.5135,-122.257
3879,47.5763,-122.40799999999999
3880,47.7458,-122.287
3881,47.5325,-122.031
3882,47.7584,-122.13600000000001
3883,47.2598,-122.304
3884,47.6281,-122.194
3885,47.3097,-122.34
3886,47.6701,-122.286
3887,47.6547,-122.15799999999999
3888,47.6389,-122.098
3889,47.3662,-122.319
3890,47.3972,-122.029
3891,47.5411,-122.391
3892,47.7755,-122.235
3893,47.5665,-122.229
3894,47.5924,-122.294
3895,47.7365,-122.242
3896,47.6475,-122.397
3897,47.5586,-122.17299999999999
3898,47.4416,-122.33200000000001
3899,47.6455,-122.40899999999999
3900,47.5564,-122.15799999999999
3901,47.7246,-122.21700000000001
3902,47.7124,-122.25299999999999
3903,47.5033,-122.329
3904,47.6734,-122.176
3905,47.7242,-122.17
3906,47.3315,-122.169
3907,47.6368,-122.354
3908,47.6282,-122.29299999999999
3909,47.7562,-122.094
3910,47.65,-122.214
3911,47.7253,-122.309
3912,47.5691,-122.391
3913,47.7746,-122.23899999999999
3914,47.5896,-122.389
3915,47.5275,-122.323
3916,47.7581,-122.365
3917,47.5297,-122.14
3918,47.70399999999999,-122.012
3919,47.5914,-122.13600000000001
3920,47.6157,-122.287
3921,47.401,-122.095
3922,47.6496,-122.041
3923,47.6796,-122.39
3924,47.5265,-122.148
3925,47.7457,-122.33200000000001
3926,47.5134,-122.335
3927,47.6344,-122.305
3928,47.4386,-122.285
3929,47.5696,-122.37799999999999
3930,47.3907,-122.448
3931,47.3378,-122.262
3932,47.5096,-122.178
3933,47.7693,-122.35700000000001
3934,47.3329,-122.09100000000001
3935,47.6994,-122.34700000000001
3936,47.6985,-122.348
3937,47.7,-122.29700000000001
3938,47.6801,-122.115
3939,47.6036,-122.015
3940,47.5906,-122.167
3941,47.7097,-122.303
3942,47.7094,-122.228
3943,47.7467,-122.319
3944,47.5049,-122.189
3945,47.413999999999994,-122.087
3946,47.6499,-122.088
3947,47.6499,-122.088
3948,47.4999,-122.26799999999999
3949,47.3072,-122.391
3950,47.6099,-122.054
3951,47.4829,-122.124
3952,47.5966,-122.01700000000001
3953,47.5618,-122.037
3954,47.638999999999996,-122.21600000000001
3955,47.467,-122.014
3956,47.6832,-122.304
3957,47.6163,-122.29299999999999
3958,47.534,-122.18
3959,47.7041,-122.353
3960,47.7433,-121.98200000000001
3961,47.6732,-122.29
3962,47.3307,-122.324
3963,47.5356,-121.875
3964,47.5221,-122.39
3965,47.4141,-122.204
3966,47.4275,-122.324
3967,47.7394,-122.288
3968,47.4495,-122.148
3969,47.3182,-122.212
3970,47.7403,-122.11200000000001
3971,47.5828,-122.382
3972,47.3655,-122.01899999999999
3973,47.6711,-122.37899999999999
3974,47.2831,-122.346
3975,47.4624,-122.185
3976,47.6819,-122.271
3977,47.32,-122.36200000000001
3978,47.7146,-122.234
3979,47.5977,-121.98100000000001
3980,47.5266,-122.316
3981,47.6608,-122.133
3982,47.7726,-122.266
3983,47.6082,-122.29899999999999
3984,47.6659,-122.369
3985,47.5862,-122.198
3986,47.6799,-122.024
3987,47.5338,-121.867
3988,47.4662,-122.45299999999999
3989,47.5424,-122.141
3990,47.7173,-122.33
3991,47.3123,-122.023
3992,47.3386,-122.319
3993,47.6624,-122.348
3994,47.566,-121.89399999999999
3995,47.7442,-122.072
3996,47.3811,-122.32
3997,47.5545,-122.354
3998,47.6373,-122.35
3999,47.4997,-122.353
4000,47.3603,-122.088
4001,47.4861,-122.03
4002,47.4323,-122.32799999999999
4003,47.5175,-122.205
4004,47.6675,-122.27600000000001
4005,47.7195,-122.022
4006,47.6483,-122.404
4007,47.4473,-122.15899999999999
4008,47.5682,-122.28399999999999
4009,47.5884,-122.086
4010,47.6777,-122.306
4011,47.6313,-122.369
4012,47.5713,-122.397
4013,47.6027,-122.04299999999999
4014,47.4163,-122.22
4015,47.5084,-122.185
4016,47.6903,-122.34
4017,47.4519,-122.13
4018,47.5587,-122.39299999999999
4019,47.6011,-121.98299999999999
4020,47.4643,-122.368
4021,47.6218,-122.16
4022,47.4648,-121.756
4023,47.6177,-122.21700000000001
4024,47.5464,-122.088
4025,47.6739,-122.396
4026,47.6475,-122.359
4027,47.4213,-122.322
4028,47.5786,-122.287
4029,47.5135,-122.257
4030,47.548,-122.37299999999999
4031,47.6316,-122.20200000000001
4032,47.6752,-122.3
4033,47.6834,-122.306
4034,47.5433,-122.375
4035,47.6959,-122.376
4036,47.5718,-122.021
4037,47.4819,-121.744
4038,47.7114,-122.23
4039,47.6779,-122.37100000000001
4040,47.4193,-122.149
4041,47.5749,-122.291
4042,47.2117,-121.99
4043,47.3272,-122.363
4044,47.54,-122.275
4045,47.6784,-122.277
4046,47.1913,-122.015
4047,47.7137,-122.213
4048,47.7281,-122.181
4049,47.6914,-122.287
4050,47.7635,-122.274
4051,47.6473,-122.406
4052,47.5669,-122.37200000000001
4053,47.5788,-122.059
4054,47.7218,-122.176
4055,47.4879,-122.33200000000001
4056,47.6031,-122.13
4057,47.5651,-122.11399999999999
4058,47.2816,-122.26899999999999
4059,47.4338,-122.146
4060,47.7688,-122.238
4061,47.472,-122.19200000000001
4062,47.6692,-122.325
4063,47.4859,-122.205
4064,47.7296,-122.241
4065,47.4487,-122.117
4066,47.6166,-122.22
4067,47.3212,-122.118
4068,47.6791,-122.36200000000001
4069,47.6235,-122.306
4070,47.7359,-122.18
4071,47.1942,-121.99
4072,47.7512,-122.34200000000001
4073,47.6328,-122.236
4074,47.6328,-122.236
4075,47.4617,-122.32700000000001
4076,47.7733,-122.226
4077,47.2687,-122.056
4078,47.2864,-122.264
4079,47.3398,-122.133
4080,47.7633,-122.31299999999999
4081,47.5545,-122.288
4082,47.5362,-122.29
4083,47.676,-122.281
4084,47.4741,-122.09899999999999
4085,47.4919,-122.311
4086,47.551,-122.395
4087,47.7598,-122.37200000000001
4088,47.7032,-122.306
4089,47.6513,-122.406
4090,47.5916,-122.055
4091,47.3504,-122.177
4092,47.6927,-122.338
4093,47.3115,-122.4
4094,47.746,-122.13799999999999
4095,47.5911,-122.177
4096,47.285,-122.211
4097,47.6802,-122.03299999999999
4098,47.3168,-122.264
4099,47.5018,-122.23
4100,47.5049,-122.186
4101,47.7182,-122.022
4102,47.5646,-122.12899999999999
4103,47.6553,-122.19
4104,47.7494,-122.304
4105,47.4924,-122.311
4106,47.3835,-122.095
4107,47.4167,-121.936
4108,47.7357,-122.195
4109,47.6686,-122.15700000000001
4110,47.3734,-122.182
4111,47.5877,-122.15700000000001
4112,47.5738,-122.315
4113,47.5651,-121.89
4114,47.6472,-122.15700000000001
4115,47.773,-122.256
4116,47.5638,-122.38
4117,47.7094,-122.234
4118,47.7259,-122.32799999999999
4119,47.4424,-122.27600000000001
4120,47.2772,-122.354
4121,47.4432,-122.135
4122,47.5305,-122.391
4123,47.7458,-121.977
4124,47.3201,-122.177
4125,47.6248,-122.319
4126,47.6724,-122.31700000000001
4127,47.7662,-122.15899999999999
4128,47.6328,-121.964
4129,47.601000000000006,-122.12200000000001
4130,47.5157,-122.256
4131,47.7728,-122.385
4132,47.5445,-121.87100000000001
4133,47.6,-122.29799999999999
4134,47.6053,-122.306
4135,47.7461,-122.33200000000001
4136,47.6101,-122.286
4137,47.5895,-122.01899999999999
4138,47.3111,-122.37899999999999
4139,47.6854,-122.291
4140,47.5223,-122.156
4141,47.4619,-122.18700000000001
4142,47.6829,-122.375
4143,47.7219,-122.35799999999999
4144,47.5653,-122.37
4145,47.6151,-122.22399999999999
4146,47.5425,-122.376
4147,47.6722,-122.34899999999999
4148,47.7615,-122.329
4149,47.7258,-121.959
4150,47.6814,-122.288
4151,47.4381,-122.134
4152,47.333,-122.3
4153,47.3707,-122.094
4154,47.6319,-122.037
4155,47.3801,-122.289
4156,47.6755,-122.331
4157,47.5334,-122.16799999999999
4158,47.6804,-122.319
4159,47.5177,-122.354
4160,47.7225,-122.029
4161,47.7176,-122.241
4162,47.6876,-122.29799999999999
4163,47.4058,-122.19200000000001
4164,47.4492,-122.199
4165,47.4204,-122.324
4166,47.6821,-122.26700000000001
4167,47.31100000000001,-122.227
4168,47.2624,-122.29899999999999
4169,47.6411,-122.20700000000001
4170,47.5511,-122.38600000000001
4171,47.4742,-122.198
4172,47.5517,-122.381
4173,47.6654,-122.355
4174,47.6698,-122.325
4175,47.4889,-122.286
4176,47.5008,-122.33200000000001
4177,47.6641,-122.35700000000001
4178,47.7259,-122.226
4179,47.4451,-122.13600000000001
4180,47.3513,-122.17399999999999
4181,47.5626,-122.382
4182,47.5101,-122.24600000000001
4183,47.56399999999999,-122.37899999999999
4184,47.6436,-122.405
4185,47.6599,-122.26899999999999
4186,47.7288,-122.37
4187,47.7608,-122.353
4188,47.6525,-122.333
4189,47.698,-122.366
4190,47.5129,-122.38799999999999
4191,47.5318,-122.286
4192,47.6715,-122.155
4193,47.7226,-122.29899999999999
4194,47.5995,-122.14399999999999
4195,47.6835,-122.34200000000001
4196,47.57100000000001,-122.39200000000001
4197,47.7408,-122.169
4198,47.5192,-121.764
4199,47.7112,-121.315
4200,47.5237,-122.353
4201,47.7056,-122.34
4202,47.7002,-122.18799999999999
4203,47.3505,-122.027
4204,47.6904,-122.39299999999999
4205,47.6878,-122.162
4206,47.4644,-121.745
4207,47.6709,-122.262
4208,47.2863,-122.196
4209,47.5672,-122.005
4210,47.6003,-122.14399999999999
4211,47.7494,-122.319
4212,47.4721,-122.12799999999999
4213,47.2831,-122.199
4214,47.6699,-122.416
4215,47.3733,-122.214
4216,47.5169,-122.209
4217,47.4099,-122.329
4218,47.5303,-121.87799999999999
4219,47.5947,-122.135
4220,47.4129,-122.322
4221,47.7359,-122.19200000000001
4222,47.4168,-122.074
4223,47.6423,-122.329
4224,47.6375,-122.387
4225,47.7001,-122.351
4226,47.6697,-122.338
4227,47.6522,-122.366
4228,47.5405,-122.29299999999999
4229,47.5849,-122.016
4230,47.5416,-122.23200000000001
4231,47.6374,-122.324
4232,47.6418,-122.351
4233,47.6897,-122.285
4234,47.4246,-122.014
4235,47.7174,-122.31700000000001
4236,47.54600000000001,-122.175
4237,47.604,-122.288
4238,47.6642,-122.17299999999999
4239,47.5579,-122.17399999999999
4240,47.7293,-122.09899999999999
4241,47.7011,-122.11200000000001
4242,47.7629,-122.318
4243,47.5379,-122.38600000000001
4244,47.7073,-122.11399999999999
4245,47.5903,-121.988
4246,47.6472,-122.37299999999999
4247,47.6648,-122.137
4248,47.4518,-122.199
4249,47.6587,-122.163
4250,47.1947,-121.98899999999999
4251,47.5837,-122.399
4252,47.3081,-122.384
4253,47.5458,-121.99600000000001
4254,47.5669,-121.905
4255,47.7339,-122.337
4256,47.6769,-122.37100000000001
4257,47.383,-122.288
4258,47.736000000000004,-122.301
4259,47.3376,-122.323
4260,47.2969,-122.163
4261,47.6711,-122.324
4262,47.504,-122.464
4263,47.2737,-122.015
4264,47.6344,-122.215
4265,47.3546,-122.176
4266,47.6746,-122.325
4267,47.7317,-122.241
4268,47.6901,-122.35600000000001
4269,47.3712,-122.09200000000001
4270,47.5512,-122.191
4271,47.5489,-122.21600000000001
4272,47.3894,-122.166
4273,47.2881,-122.363
4274,47.305,-122.37299999999999
4275,47.7767,-122.35600000000001
4276,47.7398,-122.041
4277,47.7046,-122.316
4278,47.5423,-121.87700000000001
4279,47.3626,-122.209
4280,47.3632,-122.17399999999999
4281,47.3943,-122.189
4282,47.3128,-122.345
4283,47.7053,-122.303
4284,47.335,-122.215
4285,47.6441,-122.385
4286,47.3155,-122.182
4287,47.7005,-122.35799999999999
4288,47.5649,-122.35799999999999
4289,47.7024,-122.346
4290,47.6973,-122.194
4291,47.488,-122.36399999999999
4292,47.3012,-122.21799999999999
4293,47.2092,-121.99700000000001
4294,47.637,-122.361
4295,47.3764,-122.176
4296,47.2931,-121.992
4297,47.5416,-122.23100000000001
4298,47.7554,-122.306
4299,47.5446,-122.296
4300,47.7621,-122.36
4301,47.4457,-122.12799999999999
4302,47.6451,-122.375
4303,47.7298,-122.355
4304,47.5167,-121.87799999999999
4305,47.4282,-122.28
4306,47.6822,-122.32600000000001
4307,47.19,-122.01299999999999
4308,47.4745,-122.34299999999999
4309,47.5596,-122.27
4310,47.5421,-121.88799999999999
4311,47.6442,-122.406
4312,47.7222,-122.367
4313,47.36,-122.178
4314,47.5462,-122.277
4315,47.726000000000006,-122.194
4316,47.7452,-122.22399999999999
4317,47.3227,-122.384
4318,47.7456,-122.315
4319,47.7265,-122.206
4320,47.7686,-122.31700000000001
4321,47.727,-122.176
4322,47.3364,-122.17
4323,47.6508,-122.383
4324,47.58600000000001,-122.295
4325,47.7274,-122.337
4326,47.5155,-122.189
4327,47.6112,-122.126
4328,47.7378,-121.912
4329,47.4023,-122.273
4330,47.5589,-122.264
4331,47.6578,-122.28
4332,47.7473,-122.285
4333,47.6729,-122.37899999999999
4334,47.1991,-122.01299999999999
4335,47.6991,-122.235
4336,47.6975,-122.316
4337,47.4451,-121.76799999999999
4338,47.4948,-122.134
4339,47.4948,-122.134
4340,47.6938,-122.34
4341,47.3668,-122.09
4342,47.5404,-122.26799999999999
4343,47.3694,-122.311
4344,47.6698,-122.325
4345,47.5338,-122.381
4346,47.6423,-122.375
4347,47.5438,-122.385
4348,47.5213,-122.35700000000001
4349,47.4501,-122.208
4350,47.553999999999995,-122.189
4351,47.6841,-122.291
4352,47.6352,-122.35799999999999
4353,47.6731,-122.32600000000001
4354,47.6646,-122.20200000000001
4355,47.742,-122.324
4356,47.7114,-122.029
4357,47.7228,-122.18299999999999
4358,47.3205,-121.867
4359,47.6526,-122.37200000000001
4360,47.7099,-122.333
4361,47.6719,-122.369
4362,47.6638,-122.12899999999999
4363,47.5828,-122.197
4364,47.7004,-122.37100000000001
4365,47.3344,-122.37
4366,47.7315,-122.22399999999999
4367,47.7356,-122.191
4368,47.385,-122.085
4369,47.425,-122.331
4370,47.3414,-122.286
4371,47.5392,-122.27799999999999
4372,47.7345,-121.977
4373,47.6604,-122.324
4374,47.3356,-122.15700000000001
4375,47.5123,-122.39
4376,47.5501,-122.296
4377,47.7069,-122.117
4378,47.6642,-122.12899999999999
4379,47.5513,-122.275
4380,47.4638,-122.484
4381,47.5489,-122.225
4382,47.5068,-122.38600000000001
4383,47.4398,-121.738
4384,47.6718,-122.291
4385,47.6772,-122.15299999999999
4386,47.5316,-121.764
4387,47.3594,-122.04
4388,47.5105,-122.36
4389,47.3224,-122.12200000000001
4390,47.55,-122.31200000000001
4391,47.5525,-122.26899999999999
4392,47.6805,-122.385
4393,47.6733,-122.383
4394,47.3808,-122.211
4395,47.5927,-122.064
4396,47.5745,-122.396
4397,47.56800000000001,-122.15299999999999
4398,47.5447,-121.883
4399,47.4696,-122.29799999999999
4400,47.6429,-122.32700000000001
4401,47.6911,-122.348
4402,47.5811,-122.4
4403,47.3531,-122.14299999999999
4404,47.5596,-122.40299999999999
4405,47.5704,-122.376
4406,47.6529,-122.339
4407,47.6289,-122.23299999999999
4408,47.7437,-122.035
4409,47.7027,-122.37799999999999
4410,47.4605,-122.277
4411,47.567,-122.03299999999999
4412,47.5736,-122.39299999999999
4413,47.4303,-122.06700000000001
4414,47.6216,-122.015
4415,47.6482,-122.39299999999999
4416,47.4612,-122.069
4417,47.3739,-122.29
4418,47.5507,-122.26100000000001
4419,47.3361,-122.175
4420,47.7617,-122.061
4421,47.3775,-122.165
4422,47.4857,-122.361
4423,47.7728,-121.9
4424,47.644,-122.185
4425,47.397,-122.321
4426,47.6956,-122.39200000000001
4427,47.7396,-122.256
4428,47.7618,-122.25299999999999
4429,47.4612,-122.147
4430,47.688,-122.038
4431,47.4553,-122.17399999999999
4432,47.3087,-122.088
4433,47.5461,-122.37700000000001
4434,47.6345,-122.366
4435,47.7588,-122.376
4436,47.3582,-122.191
4437,47.6955,-121.861
4438,47.5536,-122.383
4439,47.6321,-122.064
4440,47.7196,-122.02
4441,47.3627,-122.199
4442,47.6715,-122.382
4443,47.6188,-122.285
4444,47.6929,-122.287
4445,47.5314,-122.37799999999999
4446,47.7651,-122.166
4447,47.5053,-122.37700000000001
4448,47.696999999999996,-122.365
4449,47.678999999999995,-122.37299999999999
4450,47.6198,-122.29899999999999
4451,47.7367,-122.295
4452,47.6371,-122.279
4453,47.6075,-122.154
4454,47.6245,-122.32700000000001
4455,47.4465,-122.354
4456,47.7574,-122.279
4457,47.5305,-122.277
4458,47.5357,-122.365
4459,47.4472,-122.20700000000001
4460,47.6814,-122.399
4461,47.3275,-122.171
4462,47.687,-122.381
4463,47.5525,-122.277
4464,47.7211,-122.28299999999999
4465,47.5565,-122.275
4466,47.7232,-122.289
4467,47.6536,-122.41
4468,47.6396,-122.054
4469,47.7505,-122.31700000000001
4470,47.7167,-122.109
4471,47.5533,-121.995
4472,47.7099,-122.35
4473,47.7196,-122.04799999999999
4474,47.7254,-122.175
4475,47.4349,-122.16799999999999
4476,47.4898,-122.133
4477,47.6029,-122.302
4478,47.6889,-122.36200000000001
4479,47.6802,-122.03399999999999
4480,47.4028,-122.00200000000001
4481,47.4318,-122.19
4482,47.5682,-122.059
4483,47.2643,-122.22
4484,47.5231,-121.82
4485,47.6367,-122.36399999999999
4486,47.7154,-122.161
4487,47.6833,-122.04
4488,47.6909,-122.301
4489,47.5172,-122.17
4490,47.6499,-121.90799999999999
4491,47.4771,-122.322
4492,47.3394,-122.09100000000001
4493,47.3645,-122.126
4494,47.3045,-122.391
4495,47.6718,-122.38799999999999
4496,47.5569,-122.176
4497,47.3741,-122.21799999999999
4498,47.6644,-122.324
4499,47.3088,-122.34100000000001
4500,47.4469,-122.455
4501,47.4688,-122.009
4502,47.4461,-121.76899999999999
4503,47.4042,-122.213
4504,47.601000000000006,-122.134
4505,47.681999999999995,-122.348
4506,47.5317,-122.387
4507,47.6648,-122.363
4508,47.3861,-122.096
4509,47.6063,-122.292
4510,47.6891,-122.208
4511,47.4973,-122.34700000000001
4512,47.5406,-121.889
4513,47.7675,-122.307
4514,47.5168,-122.351
4515,47.5299,-122.344
4516,47.3187,-122.367
4517,47.6916,-122.34100000000001
4518,47.6839,-122.376
4519,47.6411,-122.37100000000001
4520,47.6384,-122.404
4521,47.5059,-122.193
4522,47.6158,-122.213
4523,47.3655,-122.04799999999999
4524,47.3732,-122.21700000000001
4525,47.7314,-122.3
4526,47.2718,-122.265
4527,47.4973,-122.256
4528,47.512,-122.249
4529,47.7633,-122.262
4530,47.5662,-122.36399999999999
4531,47.6485,-122.12100000000001
4532,47.2631,-122.01899999999999
4533,47.7764,-122.38600000000001
4534,47.5054,-122.26100000000001
4535,47.4316,-122.075
4536,47.3627,-122.49600000000001
4537,47.6846,-122.294
4538,47.5163,-121.829
4539,47.7352,-122.295
4540,47.6627,-122.27600000000001
4541,47.6403,-122.37200000000001
4542,47.6991,-122.13
4543,47.4917,-122.206
4544,47.7354,-122.17399999999999
4545,47.2053,-121.993
4546,47.5325,-122.28200000000001
4547,47.5752,-122.38799999999999
4548,47.5694,-122.395
4549,47.718999999999994,-121.912
4550,47.2058,-121.99700000000001
4551,47.6435,-122.154
4552,47.51,-122.32700000000001
4553,47.3569,-122.175
4554,47.507,-122.302
4555,47.5892,-122.383
4556,47.7028,-122.321
4557,47.4521,-122.28299999999999
4558,47.6667,-122.361
4559,47.467,-122.34899999999999
4560,47.341,-122.318
4561,47.4278,-122.34299999999999
4562,47.4864,-122.31700000000001
4563,47.6811,-122.035
4564,47.5822,-122.295
4565,47.4204,-122.316
4566,47.5349,-122.384
4567,47.5768,-122.307
4568,47.5052,-122.37200000000001
4569,47.7065,-122.109
4570,47.5269,-122.264
4571,47.3805,-122.208
4572,47.3459,-122.32600000000001
4573,47.6846,-122.38600000000001
4574,47.5241,-122.039
4575,47.2802,-122.211
4576,47.4036,-122.462
4577,47.5696,-122.213
4578,47.3663,-122.11399999999999
4579,47.4658,-122.184
4580,47.5829,-122.005
4581,47.6827,-122.09700000000001
4582,47.3484,-122.505
4583,47.6624,-121.95100000000001
4584,47.3103,-122.36
4585,47.6225,-122.318
4586,47.5235,-122.277
4587,47.7672,-122.306
4588,47.5654,-122.115
4589,47.5709,-122.40799999999999
4590,47.7011,-122.389
4591,47.6224,-122.116
4592,47.7451,-122.31299999999999
4593,47.5505,-121.99799999999999
4594,47.5656,-122.37200000000001
4595,47.6345,-122.302
4596,47.5798,-122.383
4597,47.6815,-122.291
4598,47.5305,-121.84700000000001
4599,47.4645,-122.337
4600,47.6978,-122.28399999999999
4601,47.6895,-122.094
4602,47.6736,-122.375
4603,47.4493,-122.17299999999999
4604,47.5352,-122.156
4605,47.1958,-121.97399999999999
4606,47.2875,-122.21799999999999
4607,47.4444,-122.509
4608,47.5016,-122.16799999999999
4609,47.6499,-122.199
4610,47.3679,-122.02
4611,47.7223,-122.321
4612,47.4849,-122.184
4613,47.7748,-122.291
4614,47.5328,-122.346
4615,47.2119,-122.001
4616,47.4759,-122.34899999999999
4617,47.6835,-122.18700000000001
4618,47.6656,-122.335
4619,47.5396,-122.214
4620,47.3666,-122.03
4621,47.4181,-122.338
4622,47.6008,-122.044
4623,47.6081,-122.198
4624,47.6829,-122.195
4625,47.6646,-122.204
4626,47.7387,-122.096
4627,47.6622,-121.961
4628,47.7508,-122.286
4629,47.6393,-122.40299999999999
4630,47.5436,-122.23299999999999
4631,47.5636,-122.23100000000001
4632,47.5767,-122.37799999999999
4633,47.7146,-122.311
4634,47.4989,-121.9
4635,47.5288,-122.345
4636,47.4957,-122.16799999999999
4637,47.7319,-122.051
4638,47.7346,-122.244
4639,47.7402,-122.348
4640,47.5673,-121.999
4641,47.4905,-122.18
4642,47.4612,-122.325
4643,47.4381,-122.18799999999999
4644,47.7349,-122.074
4645,47.4708,-121.756
4646,47.7005,-122.31299999999999
4647,47.5252,-122.36200000000001
4648,47.3811,-122.14399999999999
4649,47.4718,-122.323
4650,47.7663,-122.234
4651,47.5639,-122.4
4652,47.5726,-122.382
4653,47.6631,-122.348
4654,47.6315,-122.102
4655,47.6028,-122.31200000000001
4656,47.6472,-122.39299999999999
4657,47.6821,-122.31
4658,47.7352,-122.175
4659,47.5022,-122.363
4660,47.6986,-122.12899999999999
4661,47.5914,-122.01700000000001
4662,47.4464,-122.12899999999999
4663,47.3305,-122.171
4664,47.4914,-122.204
4665,47.537,-121.87100000000001
4666,47.5263,-122.35600000000001
4667,47.6027,-122.023
4668,47.7213,-122.31
4669,47.4556,-122.37200000000001
4670,47.5727,-122.40899999999999
4671,47.6503,-122.197
4672,47.5878,-122.20200000000001
4673,47.574,-122.385
4674,47.5599,-122.105
4675,47.6113,-122.292
4676,47.6716,-122.264
4677,47.6117,-122.29700000000001
4678,47.6408,-122.3
4679,47.687,-122.04700000000001
4680,47.6959,-122.36399999999999
4681,47.5825,-122.07600000000001
4682,47.5661,-122.12299999999999
4683,47.4851,-122.205
4684,47.7082,-122.338
4685,47.772,-122.35
4686,47.5695,-122.006
4687,47.48,-122.137
4688,47.5902,-122.147
4689,47.4776,-122.279
4690,47.7725,-121.899
4691,47.675,-122.39
4692,47.5405,-121.868
4693,47.6089,-122.303
4694,47.5311,-122.38
4695,47.5769,-122.215
4696,47.6136,-122.29700000000001
4697,47.6381,-122.314
4698,47.3282,-122.285
4699,47.3229,-122.182
4700,47.6045,-122.12299999999999
4701,47.6559,-122.339
4702,47.5362,-122.37899999999999
4703,47.7333,-122.302
4704,47.6475,-122.397
4705,47.4913,-122.081
4706,47.54,-122.368
4707,47.6807,-122.399
4708,47.6873,-122.321
4709,47.3533,-122.015
4710,47.6885,-122.211
4711,47.2822,-122.34
4712,47.5611,-122.27600000000001
4713,47.6454,-122.316
4714,47.617,-122.291
4715,47.5427,-122.275
4716,47.4905,-122.179
4717,47.7377,-121.97
4718,47.5621,-122.39399999999999
4719,47.4702,-122.365
4720,47.6809,-122.348
4721,47.7271,-122.196
4722,47.7036,-122.12700000000001
4723,47.6256,-122.042
4724,47.3614,-122.119
4725,47.5387,-122.179
4726,47.7203,-122.323
4727,47.5641,-122.01100000000001
4728,47.5911,-122.119
4729,47.7577,-122.134
4730,47.7484,-122.111
4731,47.6575,-122.395
4732,47.6199,-122.116
4733,47.5454,-121.99700000000001
4734,47.3916,-122.167
4735,47.3494,-122.171
4736,47.2848,-122.223
4737,47.67,-122.024
4738,47.551,-122.27600000000001
4739,47.5738,-122.215
4740,47.3751,-122.044
4741,47.5003,-122.23
4742,47.552,-122.31
4743,47.5881,-122.165
4744,47.5873,-122.193
4745,47.7033,-122.30799999999999
4746,47.6339,-122.03299999999999
4747,47.5128,-122.374
4748,47.3657,-122.094
4749,47.6194,-122.042
4750,47.7353,-122.331
4751,47.5518,-121.99799999999999
4752,47.597,-122.292
4753,47.7018,-122.381
4754,47.6428,-122.411
4755,47.652,-122.182
4756,47.6203,-122.149
4757,47.6728,-122.396
4758,47.5784,-122.07600000000001
4759,47.7635,-122.262
4760,47.4633,-122.18799999999999
4761,47.6652,-122.20200000000001
4762,47.5919,-122.154
4763,47.5561,-122.37899999999999
4764,47.6981,-121.875
4765,47.4519,-122.375
4766,47.4214,-122.316
4767,47.7452,-122.20200000000001
4768,47.2619,-122.29799999999999
4769,47.5519,-121.999
4770,47.3629,-122.184
4771,47.3095,-122.21700000000001
4772,47.3203,-122.185
4773,47.5302,-121.74600000000001
4774,47.7401,-122.258
4775,47.6234,-122.059
4776,47.7407,-122.32700000000001
4777,47.684,-122.164
4778,47.397,-122.31299999999999
4779,47.6909,-122.339
4780,47.76300000000001,-122.16
4781,47.42,-122.205
4782,47.7719,-122.309
4783,47.6543,-122.37299999999999
4784,47.6563,-122.351
4785,47.5418,-121.962
4786,47.497,-122.088
4787,47.6187,-122.226
4788,47.6711,-122.331
4789,47.5424,-122.391
4790,47.3786,-122.179
4791,47.6793,-122.39299999999999
4792,47.7307,-122.18299999999999
4793,47.7262,-122.22399999999999
4794,47.3834,-122.02799999999999
4795,47.3612,-122.315
4796,47.3178,-122.38
4797,47.7303,-122.227
4798,47.3867,-122.081
4799,47.6534,-122.40899999999999
4800,47.3744,-122.19
4801,47.3617,-122.03
4802,47.7435,-122.292
4803,47.7205,-122.16799999999999
4804,47.7042,-122.236
4805,47.3961,-122.30799999999999
4806,47.5445,-122.273
4807,47.6285,-122.322
4808,47.6918,-122.361
4809,47.6579,-122.197
4810,47.5468,-122.29299999999999
4811,47.425,-122.186
4812,47.7161,-122.17
4813,47.4011,-122.164
4814,47.638999999999996,-122.34700000000001
4815,47.714,-122.28299999999999
4816,47.3573,-122.016
4817,47.6115,-122.292
4818,47.5974,-122.195
4819,47.5808,-122.39399999999999
4820,47.5786,-121.995
4821,47.5576,-122.31700000000001
4822,47.3249,-122.20700000000001
4823,47.4715,-122.33
4824,47.3059,-122.10799999999999
4825,47.5518,-122.277
4826,47.1946,-122.00299999999999
4827,47.3199,-122.186
4828,47.6939,-122.184
4829,47.655,-122.35799999999999
4830,47.6953,-122.33200000000001
4831,47.3165,-122.325
4832,47.6859,-122.395
4833,47.3609,-122.053
4834,47.3364,-122.318
4835,47.4673,-122.363
4836,47.6434,-122.3
4837,47.4546,-122.211
4838,47.7352,-122.29700000000001
4839,47.3427,-122.281
4840,47.5078,-122.337
4841,47.3833,-122.09299999999999
4842,47.6827,-122.325
4843,47.5661,-122.375
4844,47.4347,-121.417
4845,47.7302,-122.197
4846,47.5423,-122.189
4847,47.6847,-122.016
4848,47.3098,-122.21799999999999
4849,47.6359,-122.3
4850,47.1937,-121.98
4851,47.3002,-122.28200000000001
4852,47.397,-122.29899999999999
4853,47.3709,-122.285
4854,47.5253,-122.04299999999999
4855,47.6321,-122.304
4856,47.5599,-122.14200000000001
4857,47.2957,-122.37
4858,47.4206,-122.18299999999999
4859,47.5835,-121.99600000000001
4860,47.7149,-122.318
4861,47.3338,-122.34100000000001
4862,47.6436,-121.99700000000001
4863,47.4654,-122.00299999999999
4864,47.7173,-122.09899999999999
4865,47.2645,-122.163
4866,47.59,-122.05799999999999
4867,47.5587,-121.904
4868,47.5587,-121.904
4869,47.3664,-122.279
4870,47.6271,-122.11200000000001
4871,47.7091,-122.015
4872,47.688,-122.281
4873,47.6427,-122.304
4874,47.5453,-121.995
4875,47.4631,-122.126
4876,47.3199,-122.39200000000001
4877,47.3628,-122.05
4878,47.3457,-122.302
4879,47.3743,-122.285
4880,47.3666,-122.277
4881,47.2675,-122.307
4882,47.7499,-122.119
4883,47.37,-122.17
4884,47.5285,-122.345
4885,47.5696,-122.36
4886,47.6991,-122.39200000000001
4887,47.5462,-122.11200000000001
4888,47.4395,-122.161
4889,47.7561,-122.071
4890,47.6976,-122.137
4891,47.5344,-121.87700000000001
4892,47.4424,-122.18799999999999
4893,47.5615,-122.28
4894,47.4429,-122.195
4895,47.5847,-122.075
4896,47.5633,-122.289
4897,47.4186,-122.079
4898,47.4756,-122.35
4899,47.3678,-122.01899999999999
4900,47.3261,-122.135
4901,47.6304,-122.035
4902,47.4568,-122.117
4903,47.5887,-121.97399999999999
4904,47.5716,-122.227
4905,47.6831,-122.096
4906,47.3088,-122.34100000000001
4907,47.3312,-122.50299999999999
4908,47.4729,-122.301
4909,47.5652,-122.281
4910,47.4384,-122.352
4911,47.6524,-122.353
4912,47.547,-122.01
4913,47.75,-122.292
4914,47.5459,-122.176
4915,47.6926,-122.287
4916,47.5468,-121.994
4917,47.6458,-122.219
4918,47.6458,-122.219
4919,47.5777,-122.22399999999999
4920,47.4396,-122.285
4921,47.7133,-122.079
4922,47.3771,-122.029
4923,47.6906,-122.01899999999999
4924,47.5409,-122.26700000000001
4925,47.4461,-121.76799999999999
4926,47.49800000000001,-122.322
4927,47.5491,-122.006
4928,47.4341,-122.14399999999999
4929,47.6145,-122.02600000000001
4930,47.4939,-122.167
4931,47.5445,-122.375
4932,47.5996,-122.288
4933,47.6283,-122.03
4934,47.3207,-122.266
4935,47.3068,-122.37200000000001
4936,47.5164,-122.19
4937,47.3281,-122.124
4938,47.6895,-122.052
4939,47.7467,-122.12799999999999
4940,47.5933,-122.135
4941,47.4809,-122.22399999999999
4942,47.4807,-122.289
4943,47.6721,-122.152
4944,47.2604,-122.023
4945,47.6369,-122.098
4946,47.3782,-122.125
4947,47.6744,-122.369
4948,47.6147,-122.302
4949,47.7757,-122.132
4950,47.6529,-122.411
4951,47.6771,-122.32799999999999
4952,47.3516,-122.292
4953,47.3555,-122.054
4954,47.7058,-122.37899999999999
4955,47.6653,-122.27
4956,47.4899,-122.13799999999999
4957,47.7293,-122.223
4958,47.6207,-122.042
4959,47.6267,-122.046
4960,47.4735,-122.344
4961,47.317,-122.281
4962,47.5986,-121.949
4963,47.6276,-122.12200000000001
4964,47.4561,-122.148
4965,47.5891,-122.387
4966,47.2026,-122.0
4967,47.7739,-122.227
4968,47.5427,-122.35600000000001
4969,47.7382,-122.264
4970,47.5202,-122.39299999999999
4971,47.742,-122.087
4972,47.5226,-122.382
4973,47.5242,-122.36200000000001
4974,47.667,-122.335
4975,47.637,-122.4
4976,47.4232,-122.292
4977,47.5675,-122.396
4978,47.4685,-122.00399999999999
4979,47.733000000000004,-121.96799999999999
4980,47.6769,-122.307
4981,47.6133,-122.10600000000001
4982,47.5886,-122.195
4983,47.5304,-122.055
4984,47.5116,-122.15700000000001
4985,47.549,-122.17
4986,47.6348,-122.03200000000001
4987,47.7349,-122.197
4988,47.5861,-122.391
4989,47.7368,-122.23200000000001
4990,47.7412,-122.256
4991,47.4706,-122.1
4992,47.2903,-122.214
4993,47.6321,-122.03399999999999
4994,47.6872,-122.35
4995,47.4487,-122.352
4996,47.527,-122.228
4997,47.5334,-122.365
4998,47.7731,-122.139
4999,47.6324,-122.1
5000,47.4208,-122.213
5001,47.7198,-122.182
5002,47.5161,-122.374
5003,47.6729,-122.29299999999999
5004,47.7183,-122.285
5005,47.6877,-122.395
5006,47.7188,-122.321
5007,47.7212,-122.226
5008,47.522,-122.354
5009,47.6801,-122.348
5010,47.3863,-122.15799999999999
5011,47.6872,-122.34899999999999
5012,47.282,-122.331
5013,47.6923,-122.33200000000001
5014,47.335,-122.321
5015,47.6607,-122.354
5016,47.57,-122.38
5017,47.5272,-122.044
5018,47.7385,-122.169
5019,47.5871,-121.969
5020,47.6805,-122.346
5021,47.5866,-122.175
5022,47.6977,-122.132
5023,47.4038,-122.213
5024,47.7634,-122.139
5025,47.5231,-122.20200000000001
5026,47.2986,-122.37
5027,47.6442,-121.999
5028,47.5362,-122.376
5029,47.4522,-122.118
5030,47.1949,-121.98200000000001
5031,47.3878,-122.316
5032,47.7211,-122.169
5033,47.3189,-122.37299999999999
5034,47.3117,-122.208
5035,47.5706,-122.163
5036,47.6673,-122.37700000000001
5037,47.6609,-122.34299999999999
5038,47.6552,-122.27799999999999
5039,47.5432,-122.177
5040,47.3295,-122.257
5041,47.6453,-122.32700000000001
5042,47.6223,-122.02600000000001
5043,47.7408,-121.97399999999999
5044,47.5601,-122.16
5045,47.5317,-122.37
5046,47.4121,-122.154
5047,47.3484,-122.036
5048,47.5913,-122.01
5049,47.659,-122.281
5050,47.7331,-122.18299999999999
5051,47.3043,-122.34899999999999
5052,47.7437,-122.287
5053,47.5215,-122.348
5054,47.667,-121.994
5055,47.6534,-122.12799999999999
5056,47.74,-122.34299999999999
5057,47.5184,-122.366
5058,47.6567,-122.00399999999999
5059,47.6037,-122.307
5060,47.6384,-122.279
5061,47.7241,-122.363
5062,47.5362,-122.26700000000001
5063,47.5525,-121.99799999999999
5064,47.5894,-122.01700000000001
5065,47.6796,-122.11399999999999
5066,47.6223,-122.03200000000001
5067,47.5245,-122.384
5068,47.3809,-122.13
5069,47.4381,-122.16
5070,47.3558,-122.29
5071,47.6947,-122.315
5072,47.5383,-122.238
5073,47.3742,-122.18
5074,47.6757,-122.12100000000001
5075,47.3891,-122.17200000000001
5076,47.7631,-122.02799999999999
5077,47.3343,-122.05799999999999
5078,47.7322,-122.20700000000001
5079,47.7387,-122.337
5080,47.7201,-122.301
5081,47.4425,-122.333
5082,47.494,-122.304
5083,47.3248,-122.179
5084,47.7223,-122.209
5085,47.4427,-122.126
5086,47.6526,-122.345
5087,47.5497,-122.145
5088,47.6897,-122.354
5089,47.7326,-122.34200000000001
5090,47.6132,-122.29700000000001
5091,47.6374,-122.12
5092,47.5976,-122.178
5093,47.742,-122.105
5094,47.6515,-122.197
5095,47.7124,-122.289
5096,47.5882,-122.07
5097,47.56800000000001,-122.01799999999999
5098,47.678000000000004,-122.361
5099,47.7719,-122.28200000000001
5100,47.6857,-122.34899999999999
5101,47.6868,-122.119
5102,47.3978,-122.322
5103,47.5352,-121.868
5104,47.3779,-122.125
5105,47.4972,-122.23299999999999
5106,47.647,-122.061
5107,47.5614,-121.899
5108,47.6452,-122.37100000000001
5109,47.6601,-122.33200000000001
5110,47.7505,-122.182
5111,47.7104,-122.031
5112,47.5332,-122.265
5113,47.4125,-122.33
5114,47.5471,-121.99600000000001
5115,47.5027,-122.348
5116,47.4613,-122.184
5117,47.2987,-122.366
5118,47.6813,-122.04799999999999
5119,47.3177,-122.182
5120,47.4544,-122.366
5121,47.2606,-122.285
5122,47.6037,-122.04299999999999
5123,47.3385,-122.28200000000001
5124,47.6141,-122.13600000000001
5125,47.3131,-122.191
5126,47.6625,-122.178
5127,47.3324,-122.16799999999999
5128,47.5362,-121.874
5129,47.4182,-122.167
5130,47.3829,-122.322
5131,47.5405,-122.18700000000001
5132,47.705,-122.367
5133,47.6514,-122.369
5134,47.6365,-122.391
5135,47.369,-122.17
5136,47.3655,-122.027
5137,47.5276,-122.161
5138,47.6648,-122.35799999999999
5139,47.7241,-122.369
5140,47.4866,-122.147
5141,47.7633,-122.243
5142,47.2046,-121.99600000000001
5143,47.683,-122.015
5144,47.3766,-122.027
5145,47.7068,-122.11200000000001
5146,47.7237,-122.181
5147,47.7149,-122.235
5148,47.4787,-122.12899999999999
5149,47.7621,-122.335
5150,47.543,-122.29
5151,47.5688,-122.01899999999999
5152,47.3405,-122.288
5153,47.6848,-122.39200000000001
5154,47.4044,-122.208
5155,47.6695,-122.337
5156,47.5632,-122.148
5157,47.6264,-122.226
5158,47.6176,-122.044
5159,47.4406,-122.196
5160,47.4608,-122.196
5161,47.5925,-122.05799999999999
5162,47.5441,-122.17200000000001
5163,47.6703,-122.204
5164,47.3124,-122.18299999999999
5165,47.3249,-122.18700000000001
5166,47.4971,-122.26100000000001
5167,47.4129,-122.209
5168,47.275,-122.295
5169,47.3136,-122.344
5170,47.4483,-122.15799999999999
5171,47.1958,-122.00299999999999
5172,47.3359,-122.03299999999999
5173,47.6109,-122.226
5174,47.5689,-122.006
5175,47.5705,-122.381
5176,47.695,-122.169
5177,47.6218,-122.03200000000001
5178,47.5081,-122.266
5179,47.5443,-122.18
5180,47.542,-122.28200000000001
5181,47.5445,-122.12
5182,47.5009,-122.164
5183,47.6275,-122.321
5184,47.5546,-122.274
5185,47.5894,-122.17200000000001
5186,47.3875,-122.15299999999999
5187,47.5936,-122.012
5188,47.6798,-122.354
5189,47.6327,-122.036
5190,47.7274,-122.06200000000001
5191,47.6171,-122.02799999999999
5192,47.6231,-122.044
5193,47.5872,-122.17299999999999
5194,47.5796,-122.229
5195,47.6423,-122.37
5196,47.3859,-122.288
5197,47.3733,-122.432
5198,47.5543,-122.398
5199,47.4703,-122.07600000000001
5200,47.5217,-122.155
5201,47.6069,-122.167
5202,47.7109,-122.323
5203,47.5895,-122.23200000000001
5204,47.6406,-122.344
5205,47.6813,-122.18700000000001
5206,47.6727,-122.29700000000001
5207,47.2949,-122.285
5208,47.3028,-122.35
5209,47.5196,-122.15100000000001
5210,47.7434,-122.10600000000001
5211,47.3333,-122.266
5212,47.2015,-122.005
5213,47.3317,-122.27600000000001
5214,47.5469,-122.277
5215,47.4989,-122.302
5216,47.5773,-122.055
5217,47.4192,-122.20100000000001
5218,47.5837,-121.971
5219,47.4471,-122.20700000000001
5220,47.7699,-122.335
5221,47.4938,-122.171
5222,47.525,-122.37799999999999
5223,47.5448,-121.93
5224,47.621,-122.302
5225,47.6842,-122.348
5226,47.6306,-121.96799999999999
5227,47.5772,-122.307
5228,47.5591,-122.295
5229,47.6503,-122.198
5230,47.6825,-122.391
5231,47.3091,-122.006
5232,47.7104,-122.235
5233,47.7713,-122.12899999999999
5234,47.4991,-122.176
5235,47.5709,-122.214
5236,47.6629,-122.277
5237,47.3693,-122.12899999999999
5238,47.7739,-122.274
5239,47.7724,-122.36200000000001
5240,47.7724,-122.36200000000001
5241,47.76600000000001,-122.32
5242,47.7698,-122.384
5243,47.7403,-122.318
5244,47.4038,-122.20299999999999
5245,47.3032,-122.306
5246,47.7035,-122.164
5247,47.7035,-122.164
5248,47.6964,-122.4
5249,47.3081,-122.391
5250,47.6835,-122.199
5251,47.5655,-122.363
5252,47.6931,-122.28299999999999
5253,47.6754,-122.359
5254,47.3685,-122.07700000000001
5255,47.4331,-122.291
5256,47.7225,-122.2
5257,47.5526,-121.999
5258,47.5841,-121.971
5259,47.5699,-122.006
5260,47.2823,-122.333
5261,47.4651,-121.993
5262,47.4624,-122.132
5263,47.6942,-122.319
5264,47.7327,-122.23299999999999
5265,47.6323,-121.985
5266,47.6377,-122.04899999999999
5267,47.4887,-122.223
5268,47.4887,-122.223
5269,47.7413,-121.979
5270,47.3717,-122.073
5271,47.3774,-122.236
5272,47.7255,-122.32700000000001
5273,47.5028,-121.77
5274,47.7312,-122.29799999999999
5275,47.6688,-122.324
5276,47.7601,-122.134
5277,47.4521,-122.14
5278,47.7296,-122.23200000000001
5279,47.3375,-122.12299999999999
5280,47.7226,-122.219
5281,47.3137,-122.34299999999999
5282,47.3734,-122.119
5283,47.5026,-122.234
5284,47.4471,-122.473
5285,47.6578,-122.39
5286,47.451,-122.273
5287,47.7277,-122.30799999999999
5288,47.6718,-122.329
5289,47.69300000000001,-122.361
5290,47.6426,-122.40899999999999
5291,47.685,-122.363
5292,47.6232,-122.14200000000001
5293,47.3782,-122.304
5294,47.6614,-122.06
5295,47.7001,-122.2
5296,47.3528,-122.057
5297,47.4683,-122.26299999999999
5298,47.4698,-122.166
5299,47.5194,-122.15100000000001
5300,47.7721,-122.29299999999999
5301,47.6571,-122.133
5302,47.7149,-122.09899999999999
5303,47.7168,-122.113
5304,47.6938,-122.13
5305,47.7471,-122.352
5306,47.6693,-122.37100000000001
5307,47.7641,-122.36399999999999
5308,47.4346,-122.20100000000001
5309,47.6004,-122.195
5310,47.6,-121.977
5311,47.3186,-122.36399999999999
5312,47.303000000000004,-122.21700000000001
5313,47.726000000000006,-122.20299999999999
5314,47.6892,-122.319
5315,47.5335,-122.272
5316,47.7396,-122.24700000000001
5317,47.6677,-122.316
5318,47.3296,-122.18
5319,47.2979,-122.37700000000001
5320,47.6551,-122.36
5321,47.5903,-121.986
5322,47.6052,-122.126
5323,47.5132,-122.384
5324,47.773999999999994,-122.07700000000001
5325,47.7766,-122.24799999999999
5326,47.5521,-121.995
5327,47.419,-122.322
5328,47.4518,-122.179
5329,47.6364,-122.37100000000001
5330,47.7762,-122.198
5331,47.7191,-122.022
5332,47.7434,-122.095
5333,47.3526,-122.055
5334,47.7524,-122.323
5335,47.7372,-122.316
5336,47.7372,-122.316
5337,47.5595,-121.867
5338,47.732,-122.07700000000001
5339,47.7462,-122.29
5340,47.4511,-122.119
5341,47.6266,-122.103
5342,47.3203,-122.184
5343,47.6681,-122.338
5344,47.5518,-121.99799999999999
5345,47.5288,-122.325
5346,47.6612,-121.955
5347,47.395,-122.311
5348,47.4213,-122.03299999999999
5349,47.4522,-122.12299999999999
5350,47.743,-122.036
5351,47.5529,-121.99
5352,47.5513,-122.272
5353,47.5401,-122.292
5354,47.3538,-122.04700000000001
5355,47.5683,-122.005
5356,47.6037,-122.119
5357,47.6787,-122.391
5358,47.4038,-122.175
5359,47.7164,-122.306
5360,47.5992,-121.97200000000001
5361,47.201,-121.999
5362,47.7438,-122.24600000000001
5363,47.6634,-122.2
5364,47.7313,-122.34299999999999
5365,47.7111,-122.23899999999999
5366,47.7119,-122.23
5367,47.5441,-122.304
5368,47.3767,-122.303
5369,47.3603,-122.085
5370,47.3799,-122.211
5371,47.4455,-122.27799999999999
5372,47.7692,-122.219
5373,47.3542,-122.027
5374,47.6449,-122.389
5375,47.6708,-122.14
5376,47.2618,-122.209
5377,47.3213,-122.37799999999999
5378,47.75,-122.18299999999999
5379,47.5453,-121.99600000000001
5380,47.6359,-122.03299999999999
5381,47.4963,-122.35
5382,47.3244,-122.37899999999999
5383,47.6245,-122.316
5384,47.7078,-122.277
5385,47.681000000000004,-122.03200000000001
5386,47.3259,-121.896
5387,47.7559,-122.226
5388,47.3683,-122.15299999999999
5389,47.4206,-122.023
5390,47.6492,-121.90799999999999
5391,47.6024,-122.295
5392,47.735,-122.309
5393,47.5564,-122.13
5394,47.735,-121.985
5395,47.4888,-122.184
5396,47.4633,-121.976
5397,47.3703,-122.314
5398,47.6765,-122.302
5399,47.7471,-122.24700000000001
5400,47.4612,-122.215
5401,47.7229,-122.20200000000001
5402,47.5118,-122.259
5403,47.2824,-122.301
5404,47.477,-122.116
5405,47.61600000000001,-122.103
5406,47.7607,-122.146
5407,47.4241,-122.29
5408,47.3742,-122.289
5409,47.7069,-122.29899999999999
5410,47.7076,-122.101
5411,47.5373,-122.051
5412,47.7664,-122.262
5413,47.5567,-122.273
5414,47.6965,-122.30799999999999
5415,47.3343,-122.21700000000001
5416,47.3743,-122.116
5417,47.6098,-122.169
5418,47.6651,-122.14399999999999
5419,47.6569,-122.02
5420,47.5959,-122.3
5421,47.7071,-122.27600000000001
5422,47.6674,-122.046
5423,47.7181,-122.089
5424,47.7328,-122.20100000000001
5425,47.691,-122.387
5426,47.7462,-122.17200000000001
5427,47.7082,-122.101
5428,47.6802,-122.208
5429,47.5518,-122.266
5430,47.6046,-122.3
5431,47.7481,-122.32700000000001
5432,47.731,-122.303
5433,47.5329,-121.89
5434,47.5631,-122.213
5435,47.5996,-122.021
5436,47.4355,-122.338
5437,47.5171,-122.029
5438,47.4151,-122.334
5439,47.3539,-122.025
5440,47.5292,-122.323
5441,47.5771,-122.38
5442,47.6974,-122.35600000000001
5443,47.7548,-122.32700000000001
5444,47.5701,-122.18799999999999
5445,47.4958,-122.191
5446,47.5303,-122.131
5447,47.4964,-122.16799999999999
5448,47.7511,-122.072
5449,47.6534,-122.195
5450,47.5841,-122.383
5451,47.4319,-122.148
5452,47.5542,-122.001
5453,47.4104,-122.17200000000001
5454,47.5697,-122.163
5455,47.7337,-122.12100000000001
5456,47.2568,-121.95200000000001
5457,47.6524,-122.184
5458,47.7368,-122.29799999999999
5459,47.7604,-122.198
5460,47.5698,-121.999
5461,47.2576,-122.09899999999999
5462,47.4693,-122.36399999999999
5463,47.2924,-122.197
5464,47.5686,-122.385
5465,47.742,-122.17299999999999
5466,47.5867,-122.111
5467,47.4964,-122.26299999999999
5468,47.7533,-122.307
5469,47.7476,-122.35
5470,47.3924,-122.30799999999999
5471,47.7512,-122.318
5472,47.6197,-122.15
5473,47.352,-122.038
5474,47.3066,-122.223
5475,47.655,-122.029
5476,47.6527,-122.195
5477,47.7498,-122.181
5478,47.4007,-122.294
5479,47.6394,-122.28
5480,47.4651,-122.184
5481,47.47,-122.0
5482,47.4725,-122.18700000000001
5483,47.6276,-122.205
5484,47.5529,-122.12
5485,47.5345,-122.274
5486,47.4307,-122.17
5487,47.3541,-122.303
5488,47.2906,-122.055
5489,47.6569,-122.12299999999999
5490,47.4356,-122.11
5491,47.65,-122.34
5492,47.5073,-122.337
5493,47.5354,-122.273
5494,47.4646,-122.361
5495,47.728,-122.206
5496,47.4604,-122.17
5497,47.6051,-122.311
5498,47.6643,-122.20299999999999
5499,47.5719,-122.28399999999999
5500,47.5391,-122.274
5501,47.5931,-122.116
5502,47.7366,-122.204
5503,47.5541,-122.162
5504,47.5694,-122.28299999999999
5505,47.7429,-122.072
5506,47.3217,-122.31700000000001
5507,47.388999999999996,-122.088
5508,47.3351,-122.044
5509,47.4326,-122.286
5510,47.5309,-122.34700000000001
5511,47.7355,-122.20200000000001
5512,47.5063,-122.369
5513,47.65,-122.155
5514,47.724,-122.323
5515,47.6776,-122.36
5516,47.3643,-122.041
5517,47.7509,-122.056
5518,47.3093,-122.385
5519,47.7715,-122.34
5520,47.4448,-121.77
5521,47.7412,-122.095
5522,47.7346,-121.98299999999999
5523,47.56,-122.132
5524,47.7027,-122.35700000000001
5525,47.3087,-122.264
5526,47.7744,-122.338
5527,47.5719,-121.999
5528,47.5734,-122.412
5529,47.6886,-122.375
5530,47.768,-122.315
5531,47.5677,-122.281
5532,47.706,-122.29
5533,47.5412,-122.286
5534,47.5113,-122.34700000000001
5535,47.5862,-122.118
5536,47.7605,-122.21700000000001
5537,47.3768,-122.02799999999999
5538,47.1896,-122.014
5539,47.5994,-122.01700000000001
5540,47.4811,-122.182
5541,47.6208,-122.139
5542,47.4799,-122.18299999999999
5543,47.6623,-122.152
5544,47.5787,-122.29299999999999
5545,47.2094,-121.99600000000001
5546,47.6745,-122.14399999999999
5547,47.64100000000001,-122.113
5548,47.6952,-122.18799999999999
5549,47.5527,-121.992
5550,47.7305,-122.225
5551,47.6626,-122.337
5552,47.775,-122.139
5553,47.3078,-122.337
5554,47.5545,-122.00299999999999
5555,47.5951,-122.036
5556,47.669,-122.06700000000001
5557,47.4102,-122.195
5558,47.3491,-122.177
5559,47.434,-122.154
5560,47.7584,-122.271
5561,47.6694,-122.279
5562,47.6058,-122.31299999999999
5563,47.5282,-122.384
5564,47.6714,-122.28
5565,47.3109,-122.225
5566,47.7569,-122.334
5567,47.5622,-122.291
5568,47.5798,-122.306
5569,47.2738,-122.301
5570,47.3594,-122.175
5571,47.3626,-122.111
5572,47.3839,-122.288
5573,47.7262,-122.22200000000001
5574,47.7282,-122.186
5575,47.7419,-122.073
5576,47.7721,-122.235
5577,47.3291,-122.304
5578,47.4755,-122.15700000000001
5579,47.6553,-121.912
5580,47.7304,-122.30799999999999
5581,47.7648,-122.15899999999999
5582,47.7591,-122.295
5583,47.7412,-122.32700000000001
5584,47.6144,-122.228
5585,47.6023,-122.205
5586,47.3764,-122.179
5587,47.7076,-122.28399999999999
5588,47.7076,-122.28399999999999
5589,47.732,-122.197
5590,47.5712,-121.995
5591,47.2612,-122.294
5592,47.7034,-122.236
5593,47.4476,-122.33200000000001
5594,47.3381,-122.33200000000001
5595,47.6462,-122.212
5596,47.4809,-122.335
5597,47.3262,-122.211
5598,47.4871,-122.20299999999999
5599,47.4852,-122.125
5600,47.2132,-122.001
5601,47.6901,-122.382
5602,47.6346,-122.06299999999999
5603,47.5435,-121.96600000000001
5604,47.7024,-122.198
5605,47.7193,-122.184
5606,47.7601,-122.307
5607,47.5356,-122.046
5608,47.4225,-122.15299999999999
5609,47.5763,-122.219
5610,47.4792,-122.181
5611,47.6442,-122.369
5612,47.6285,-122.361
5613,47.7726,-122.197
5614,47.6723,-122.26299999999999
5615,47.571999999999996,-122.289
5616,47.4836,-122.214
5617,47.7357,-122.197
5618,47.5222,-122.37899999999999
5619,47.581,-121.971
5620,47.5071,-122.265
5621,47.365,-122.184
5622,47.5728,-122.31200000000001
5623,47.4892,-122.181
5624,47.4781,-122.35700000000001
5625,47.4491,-122.45299999999999
5626,47.535,-121.867
5627,47.3566,-122.32
5628,47.5271,-122.036
5629,47.6212,-122.04299999999999
5630,47.5216,-122.374
5631,47.7759,-122.272
5632,47.5951,-122.14399999999999
5633,47.5375,-122.374
5634,47.4904,-122.20299999999999
5635,47.6619,-122.352
5636,47.3217,-122.318
5637,47.7372,-122.2
5638,47.3259,-122.167
5639,47.7409,-122.052
5640,47.5201,-122.204
5641,47.6541,-122.329
5642,47.6796,-122.279
5643,47.448,-122.088
5644,47.6833,-122.31200000000001
5645,47.6304,-122.051
5646,47.6834,-122.09700000000001
5647,47.3282,-122.33200000000001
5648,47.7637,-122.351
5649,47.363,-122.30799999999999
5650,47.6997,-122.305
5651,47.6634,-122.17200000000001
5652,47.6022,-122.134
5653,47.5528,-122.229
5654,47.5617,-122.13
5655,47.6874,-122.165
5656,47.4979,-122.37100000000001
5657,47.6348,-122.196
5658,47.3391,-122.309
5659,47.5865,-122.397
5660,47.6183,-122.113
5661,47.5894,-122.111
5662,47.5588,-122.124
5663,47.4005,-122.311
5664,47.6313,-122.303
5665,47.5434,-122.395
5666,47.67,-122.389
5667,47.3117,-122.25399999999999
5668,47.4629,-121.743
5669,47.4289,-122.164
5670,47.6349,-122.204
5671,47.5465,-122.155
5672,47.7423,-122.17299999999999
5673,47.6875,-122.20200000000001
5674,47.7515,-122.353
5675,47.6367,-122.206
5676,47.6531,-122.196
5677,47.3196,-122.395
5678,47.5731,-122.135
5679,47.5987,-122.146
5680,47.7439,-121.977
5681,47.3791,-122.289
5682,47.7712,-122.323
5683,47.2906,-122.34899999999999
5684,47.6497,-122.336
5685,47.7213,-122.29
5686,47.3287,-122.01100000000001
5687,47.4546,-122.182
5688,47.5291,-122.351
5689,47.6233,-122.046
5690,47.6233,-122.046
5691,47.5962,-122.039
5692,47.7094,-122.031
5693,47.6784,-122.02600000000001
5694,47.638999999999996,-122.31
5695,47.3786,-122.219
5696,47.3807,-122.22200000000001
5697,47.6312,-122.291
5698,47.7239,-122.227
5699,47.4888,-122.33200000000001
5700,47.5342,-121.883
5701,47.5902,-122.13
5702,47.714,-122.205
5703,47.1895,-122.015
5704,47.3972,-122.182
5705,47.3885,-122.154
5706,47.3438,-122.073
5707,47.6946,-122.12
5708,47.3617,-122.046
5709,47.5696,-122.375
5710,47.5597,-122.113
5711,47.5789,-122.07600000000001
5712,47.7103,-122.199
5713,47.5859,-121.96799999999999
5714,47.308,-122.087
5715,47.4491,-122.18799999999999
5716,47.39100000000001,-122.316
5717,47.7309,-121.905
5718,47.3281,-122.34299999999999
5719,47.3281,-122.34299999999999
5720,47.4819,-122.289
5721,47.5308,-122.348
5722,47.7065,-122.279
5723,47.5747,-122.287
5724,47.6861,-122.198
5725,47.7494,-122.23700000000001
5726,47.6169,-122.045
5727,47.6776,-122.318
5728,47.5103,-122.382
5729,47.28100000000001,-121.93299999999999
5730,47.5983,-122.2
5731,47.586999999999996,-122.068
5732,47.76300000000001,-122.291
5733,47.3487,-122.036
5734,47.6605,-122.27
5735,47.7652,-122.274
5736,47.6864,-122.352
5737,47.5835,-122.227
5738,47.3736,-122.045
5739,47.5949,-122.307
5740,47.3719,-122.215
5741,47.2988,-122.374
5742,47.6418,-122.37200000000001
5743,47.3504,-122.28399999999999
5744,47.7404,-122.28399999999999
5745,47.6605,-122.324
5746,47.5396,-121.99700000000001
5747,47.5571,-122.385
5748,47.5942,-122.29799999999999
5749,47.6685,-122.044
5750,47.5518,-122.10700000000001
5751,47.7332,-122.305
5752,47.7332,-122.305
5753,47.6191,-122.04299999999999
5754,47.6191,-122.04299999999999
5755,47.5033,-122.225
5756,47.3041,-122.28
5757,47.5672,-122.01100000000001
5758,47.5959,-122.01799999999999
5759,47.6685,-122.365
5760,47.6762,-122.35600000000001
5761,47.4182,-122.33200000000001
5762,47.7713,-122.12200000000001
5763,47.6262,-122.03
5764,47.5331,-122.21700000000001
5765,47.5533,-122.307
5766,47.5685,-122.21700000000001
5767,47.7707,-122.35
5768,47.6398,-122.05
5769,47.74100000000001,-122.095
5770,47.6994,-122.34899999999999
5771,47.6738,-122.292
5772,47.477,-122.209
5773,47.7248,-122.359
5774,47.2015,-122.00299999999999
5775,47.62,-122.04299999999999
5776,47.5547,-121.89200000000001
5777,47.7383,-122.22
5778,47.4766,-122.15299999999999
5779,47.6188,-122.30799999999999
5780,47.5522,-121.999
5781,47.7203,-122.12799999999999
5782,47.7171,-122.03299999999999
5783,47.3257,-122.365
5784,47.5621,-121.92399999999999
5785,47.7212,-122.36399999999999
5786,47.6363,-122.20200000000001
5787,47.6862,-122.395
5788,47.6627,-122.00299999999999
5789,47.6532,-122.34
5790,47.4507,-122.139
5791,47.5855,-121.98700000000001
5792,47.3139,-122.116
5793,47.6846,-122.361
5794,47.6208,-122.10600000000001
5795,47.641999999999996,-122.374
5796,47.7276,-122.241
5797,47.4835,-122.13600000000001
5798,47.3931,-122.18299999999999
5799,47.3214,-122.34700000000001
5800,47.6903,-122.042
5801,47.3688,-122.08
5802,47.3406,-122.057
5803,47.7229,-122.18
5804,47.5111,-122.256
5805,47.6985,-122.348
5806,47.6893,-122.359
5807,47.6746,-122.36200000000001
5808,47.6314,-122.03
5809,47.3787,-122.09100000000001
5810,47.6831,-122.381
5811,47.7369,-122.321
5812,47.5791,-122.37799999999999
5813,47.3677,-122.17299999999999
5814,47.6809,-122.113
5815,47.372,-122.036
5816,47.604,-122.307
5817,47.4997,-122.31700000000001
5818,47.619,-122.096
5819,47.3978,-122.31299999999999
5820,47.2961,-122.18799999999999
5821,47.5549,-122.363
5822,47.6055,-122.285
5823,47.3686,-122.05799999999999
5824,47.581,-122.24600000000001
5825,47.5886,-122.288
5826,47.6392,-121.988
5827,47.5534,-122.16
5828,47.5706,-122.152
5829,47.6947,-122.346
5830,47.7328,-122.2
5831,47.3718,-122.073
5832,47.6729,-122.334
5833,47.3652,-122.18299999999999
5834,47.4629,-121.744
5835,47.4853,-122.03399999999999
5836,47.5279,-122.161
5837,47.6539,-122.40799999999999
5838,47.3187,-122.179
5839,47.6624,-122.361
5840,47.6627,-122.189
5841,47.7739,-122.164
5842,47.5355,-122.179
5843,47.54600000000001,-122.29299999999999
5844,47.7591,-122.376
5845,47.7696,-122.021
5846,47.6731,-122.199
5847,47.5482,-122.39200000000001
5848,47.5966,-122.14399999999999
5849,47.6786,-122.36
5850,47.4953,-122.169
5851,47.5285,-122.354
5852,47.5065,-122.338
5853,47.6218,-122.193
5854,47.7078,-122.234
5855,47.6212,-122.038
5856,47.607,-122.29700000000001
5857,47.6546,-122.35600000000001
5858,47.6149,-122.287
5859,47.5603,-121.89399999999999
5860,47.3026,-122.363
5861,47.7595,-121.473
5862,47.3384,-122.34
5863,47.7352,-122.23200000000001
5864,47.6012,-122.296
5865,47.6212,-122.296
5866,47.5549,-122.176
5867,47.563,-122.178
5868,47.739,-122.351
5869,47.5743,-122.37799999999999
5870,47.512,-122.16
5871,47.6031,-122.303
5872,47.6299,-122.02
5873,47.4995,-122.24799999999999
5874,47.6209,-122.23700000000001
5875,47.6118,-122.116
5876,47.4815,-122.339
5877,47.5296,-122.375
5878,47.7141,-122.03200000000001
5879,47.5982,-122.29899999999999
5880,47.6451,-122.189
5881,47.6911,-122.367
5882,47.43899999999999,-122.34200000000001
5883,47.5567,-122.279
5884,47.565,-122.37
5885,47.3878,-122.15299999999999
5886,47.5811,-122.404
5887,47.6771,-122.35799999999999
5888,47.4205,-122.215
5889,47.7742,-122.287
5890,47.5764,-121.99600000000001
5891,47.7455,-122.294
5892,47.5065,-122.337
5893,47.5642,-122.126
5894,47.6509,-122.37
5895,47.536,-121.85700000000001
5896,47.521,-122.15
5897,47.5985,-122.29799999999999
5898,47.5003,-122.465
5899,47.375,-122.166
5900,47.5788,-122.292
5901,47.3136,-122.208
5902,47.4286,-122.291
5903,47.7137,-122.25399999999999
5904,47.4562,-122.33
5905,47.633,-122.37
5906,47.4683,-122.07
5907,47.7698,-122.238
5908,47.5753,-122.22399999999999
5909,47.6561,-122.325
5910,47.5081,-122.35600000000001
5911,47.6429,-122.37100000000001
5912,47.3112,-122.265
5913,47.6359,-122.15899999999999
5914,47.43600000000001,-122.185
5915,47.5229,-121.838
5916,47.5333,-122.21700000000001
5917,47.5958,-122.306
5918,47.5447,-122.389
5919,47.5663,-122.285
5920,47.6769,-122.177
5921,47.7757,-122.139
5922,47.653999999999996,-122.346
5923,47.7262,-122.06
5924,47.3649,-122.194
5925,47.615,-121.954
5926,47.5441,-122.39
5927,47.422,-122.321
5928,47.718999999999994,-122.11399999999999
5929,47.4003,-122.42200000000001
5930,47.574,-122.18
5931,47.4932,-122.26299999999999
5932,47.735,-122.244
5933,47.3727,-122.051
5934,47.4504,-122.15
5935,47.69600000000001,-122.314
5936,47.5538,-122.189
5937,47.588,-122.251
5938,47.5348,-122.072
5939,47.4362,-122.18700000000001
5940,47.681000000000004,-122.37200000000001
5941,47.6787,-122.30799999999999
5942,47.3816,-122.087
5943,47.4518,-122.292
5944,47.19600000000001,-122.01100000000001
5945,47.4025,-122.20100000000001
5946,47.5479,-121.999
5947,47.5582,-122.025
5948,47.5317,-121.866
5949,47.4521,-122.161
5950,47.3406,-122.26899999999999
5951,47.5902,-121.988
5952,47.5355,-122.242
5953,47.725,-122.17200000000001
5954,47.6528,-122.331
5955,47.6635,-122.01700000000001
5956,47.7022,-122.374
5957,47.4565,-122.27600000000001
5958,47.659,-122.398
5959,47.3774,-122.027
5960,47.7266,-122.103
5961,47.5703,-122.28
5962,47.6492,-122.06200000000001
5963,47.4681,-122.28200000000001
5964,47.3501,-122.14
5965,47.5513,-122.264
5966,47.3638,-122.053
5967,47.3638,-122.053
5968,47.6436,-122.303
5969,47.7621,-122.35799999999999
5970,47.7165,-122.361
5971,47.3714,-122.177
5972,47.2889,-122.363
5973,47.4125,-122.20700000000001
5974,47.6018,-122.291
5975,47.7266,-122.175
5976,47.666000000000004,-122.178
5977,47.6325,-122.12100000000001
5978,47.6228,-122.12100000000001
5979,47.4349,-122.105
5980,47.5417,-122.35700000000001
5981,47.4053,-122.189
5982,47.6807,-122.366
5983,47.5878,-122.381
5984,47.6351,-122.165
5985,47.674,-122.35
5986,47.349,-122.021
5987,47.4403,-122.34299999999999
5988,47.5469,-122.391
5989,47.7058,-122.315
5990,47.5245,-121.931
5991,47.5079,-122.344
5992,47.6709,-122.052
5993,47.7346,-121.985
5994,47.7102,-122.35600000000001
5995,47.4721,-122.148
5996,47.4044,-121.963
5997,47.7188,-122.177
5998,47.7074,-122.101
5999,47.7335,-122.227
6000,47.3609,-122.04799999999999
6001,47.666000000000004,-122.185
6002,47.7443,-122.32600000000001
6003,47.6329,-122.31
6004,47.5243,-122.042
6005,47.4161,-122.441
6006,47.688,-122.37899999999999
6007,47.523,-121.87700000000001
6008,47.6515,-122.399
6009,47.6709,-122.337
6010,47.3779,-122.32
6011,47.5187,-122.363
6012,47.743,-121.925
6013,47.7469,-122.21700000000001
6014,47.473,-122.29299999999999
6015,47.4414,-122.154
6016,47.7433,-122.229
6017,47.409,-122.333
6018,47.543,-121.88799999999999
6019,47.6376,-122.307
6020,47.6881,-122.184
6021,47.5198,-122.351
6022,47.5516,-122.21700000000001
6023,47.5493,-122.00399999999999
6024,47.6982,-122.13799999999999
6025,47.7276,-122.307
6026,47.7325,-121.969
6027,47.5774,-122.15299999999999
6028,47.6354,-122.346
6029,47.3049,-122.38600000000001
6030,47.6581,-122.39
6031,47.6452,-122.369
6032,47.67,-122.155
6033,47.5677,-122.31700000000001
6034,47.3818,-122.21
6035,47.6488,-122.20100000000001
6036,47.2593,-122.31200000000001
6037,47.567,-122.385
6038,47.3352,-122.19
6039,47.5612,-122.229
6040,47.4878,-122.34100000000001
6041,47.6854,-122.329
6042,47.7058,-122.131
6043,47.5851,-121.992
6044,47.3317,-122.365
6045,47.7009,-122.31700000000001
6046,47.7315,-122.05799999999999
6047,47.7067,-122.119
6048,47.528,-122.359
6049,47.7775,-122.336
6050,47.6325,-122.12100000000001
6051,47.5958,-122.038
6052,47.5673,-122.40100000000001
6053,47.5746,-122.13600000000001
6054,47.6748,-122.279
6055,47.4215,-122.289
6056,47.4493,-122.28200000000001
6057,47.6471,-122.397
6058,47.4825,-122.10799999999999
6059,47.7648,-122.355
6060,47.7175,-122.288
6061,47.691,-122.105
6062,47.6831,-122.325
6063,47.7379,-122.185
6064,47.6798,-122.03299999999999
6065,47.5769,-122.37200000000001
6066,47.5476,-122.219
6067,47.6249,-122.206
6068,47.3795,-122.023
6069,47.7291,-122.21799999999999
6070,47.3752,-122.236
6071,47.6531,-122.405
6072,47.3535,-122.02600000000001
6073,47.6604,-122.289
6074,47.5498,-121.99600000000001
6075,47.6603,-122.087
6076,47.7111,-122.03200000000001
6077,47.4457,-122.12299999999999
6078,47.6955,-122.304
6079,47.6216,-122.161
6080,47.6146,-122.29899999999999
6081,47.6157,-122.17399999999999
6082,47.7663,-122.228
6083,47.7087,-121.352
6084,47.3585,-121.988
6085,47.7217,-122.256
6086,47.2742,-122.29899999999999
6087,47.3888,-122.03200000000001
6088,47.2918,-122.197
6089,47.4379,-122.022
6090,47.2582,-122.223
6091,47.754,-122.34100000000001
6092,47.5663,-122.125
6093,47.7453,-122.194
6094,47.595,-122.306
6095,47.6762,-122.17
6096,47.4285,-122.51100000000001
6097,47.3533,-122.08200000000001
6098,47.2632,-122.209
6099,47.7433,-122.08200000000001
6100,47.7145,-122.369
6101,47.6224,-122.109
6102,47.6842,-122.365
6103,47.6579,-122.277
6104,47.277,-122.211
6105,47.3664,-122.087
6106,47.2977,-122.374
6107,47.5602,-122.28
6108,47.5563,-122.184
6109,47.5347,-122.071
6110,47.7021,-122.23299999999999
6111,47.331,-122.286
6112,47.451,-122.27799999999999
6113,47.7468,-121.98
6114,47.5289,-122.272
6115,47.6433,-122.40299999999999
6116,47.748999999999995,-122.31200000000001
6117,47.7684,-122.289
6118,47.6078,-122.307
6119,47.6894,-122.35
6120,47.4088,-122.089
6121,47.5395,-122.369
6122,47.4574,-122.01
6123,47.6996,-122.31
6124,47.6104,-122.303
6125,47.6453,-122.40299999999999
6126,47.6891,-122.331
6127,47.7259,-122.361
6128,47.7453,-121.984
6129,47.6365,-122.04
6130,47.7369,-122.338
6131,47.7364,-121.969
6132,47.5254,-122.318
6133,47.7281,-122.23299999999999
6134,47.5628,-122.115
6135,47.5044,-122.148
6136,47.5434,-122.166
6137,47.2638,-122.243
6138,47.7525,-122.244
6139,47.3511,-122.266
6140,47.3185,-122.262
6141,47.5874,-122.13600000000001
6142,47.742,-122.325
6143,47.4917,-122.18799999999999
6144,47.7049,-122.34899999999999
6145,47.6393,-121.96700000000001
6146,47.4879,-122.245
6147,47.7599,-122.375
6148,47.2909,-122.34200000000001
6149,47.4318,-122.292
6150,47.504,-122.24799999999999
6151,47.5524,-121.991
6152,47.4979,-122.363
6153,47.4539,-122.15
6154,47.4119,-122.181
6155,47.6847,-122.291
6156,47.4559,-122.344
6157,47.4613,-121.99700000000001
6158,47.7025,-122.198
6159,47.6058,-122.3
6160,47.7378,-121.977
6161,47.5538,-121.958
6162,47.6783,-122.15700000000001
6163,47.6371,-122.39299999999999
6164,47.6402,-122.35700000000001
6165,47.501999999999995,-122.228
6166,47.6322,-122.212
6167,47.288000000000004,-122.196
6168,47.7565,-122.331
6169,47.6916,-122.15799999999999
6170,47.7186,-122.21799999999999
6171,47.6373,-122.064
6172,47.5533,-121.993
6173,47.6662,-122.338
6174,47.6234,-122.191
6175,47.4107,-122.179
6176,47.4674,-122.178
6177,47.5521,-122.37299999999999
6178,47.5759,-121.994
6179,47.506,-122.242
6180,47.578,-122.056
6181,47.681999999999995,-122.365
6182,47.5627,-122.01799999999999
6183,47.7754,-122.17299999999999
6184,47.567,-122.318
6185,47.7117,-122.27799999999999
6186,47.5726,-122.30799999999999
6187,47.5536,-122.286
6188,47.3767,-122.161
6189,47.6287,-122.287
6190,47.5834,-122.001
6191,47.6542,-122.331
6192,47.2887,-122.29899999999999
6193,47.53100000000001,-121.854
6194,47.5055,-122.189
6195,47.5531,-122.307
6196,47.6051,-122.29799999999999
6197,47.6804,-121.913
6198,47.4749,-122.155
6199,47.4905,-122.34299999999999
6200,47.4768,-122.206
6201,47.5697,-122.395
6202,47.6858,-122.10700000000001
6203,47.7462,-121.978
6204,47.4558,-122.212
6205,47.6784,-122.361
6206,47.7762,-122.384
6207,47.5311,-122.37299999999999
6208,47.6493,-122.413
6209,47.7496,-122.355
6210,47.7479,-122.34299999999999
6211,47.4211,-122.314
6212,47.3889,-122.04799999999999
6213,47.2964,-122.116
6214,47.6505,-122.384
6215,47.3493,-122.306
6216,47.622,-122.3
6217,47.6845,-122.375
6218,47.7213,-122.365
6219,47.4762,-122.156
6220,47.3802,-122.20700000000001
6221,47.3168,-122.40100000000001
6222,47.7586,-122.34200000000001
6223,47.6958,-122.34299999999999
6224,47.3933,-122.18799999999999
6225,47.3596,-122.04
6226,47.7197,-122.32799999999999
6227,47.5554,-122.07700000000001
6228,47.7391,-122.102
6229,47.611000000000004,-121.992
6230,47.4058,-122.177
6231,47.6972,-122.025
6232,47.4726,-122.28200000000001
6233,47.4229,-122.324
6234,47.6224,-122.32600000000001
6235,47.5642,-122.37899999999999
6236,47.5372,-121.876
6237,47.6223,-122.208
6238,47.4575,-121.74799999999999
6239,47.5467,-122.17299999999999
6240,47.33600000000001,-122.35
6241,47.7273,-122.236
6242,47.3321,-122.17200000000001
6243,47.5717,-122.287
6244,47.5892,-122.309
6245,47.3675,-122.042
6246,47.5596,-122.016
6247,47.5882,-122.155
6248,47.3904,-122.154
6249,47.5119,-122.38600000000001
6250,47.6544,-122.134
6251,47.4234,-122.212
6252,47.5978,-122.038
6253,47.7199,-122.24600000000001
6254,47.6929,-122.37899999999999
6255,47.663999999999994,-122.31
6256,47.6195,-122.31299999999999
6257,47.4491,-122.176
6258,47.5233,-122.38600000000001
6259,47.6288,-122.031
6260,47.4612,-122.352
6261,47.7362,-121.96700000000001
6262,47.3603,-122.19
6263,47.6265,-122.323
6264,47.6323,-122.029
6265,47.667,-122.333
6266,47.4187,-122.323
6267,47.5793,-122.00200000000001
6268,47.7176,-122.214
6269,47.7719,-122.361
6270,47.3848,-122.03299999999999
6271,47.6276,-122.053
6272,47.5075,-122.262
6273,47.6737,-122.304
6274,47.6227,-122.323
6275,47.6362,-122.175
6276,47.519,-122.26
6277,47.6339,-122.096
6278,47.6631,-122.12899999999999
6279,47.6477,-122.18299999999999
6280,47.3588,-122.038
6281,47.4375,-122.008
6282,47.3424,-122.275
6283,47.363,-122.12700000000001
6284,47.6033,-122.303
6285,47.5112,-122.186
6286,47.3683,-122.279
6287,47.2613,-122.302
6288,47.3096,-122.197
6289,47.6413,-122.113
6290,47.7163,-122.229
6291,47.5654,-122.15799999999999
6292,47.553999999999995,-122.30799999999999
6293,47.5223,-121.818
6294,47.6821,-122.196
6295,47.4233,-122.177
6296,47.6024,-122.14299999999999
6297,47.7636,-122.294
6298,47.6604,-122.29
6299,47.4733,-121.994
6300,47.5321,-122.029
6301,47.5395,-122.242
6302,47.6238,-122.311
6303,47.5353,-122.066
6304,47.5069,-122.141
6305,47.3279,-122.191
6306,47.6962,-122.314
6307,47.6122,-122.29799999999999
6308,47.6293,-122.051
6309,47.3393,-122.259
6310,47.7678,-122.272
6311,47.6816,-122.31
6312,47.4133,-122.209
6313,47.7651,-122.339
6314,47.5108,-122.257
6315,47.3185,-122.37700000000001
6316,47.4511,-122.089
6317,47.7162,-122.34899999999999
6318,47.5375,-122.374
6319,47.367,-122.152
6320,47.7245,-121.95700000000001
6321,47.7475,-122.36399999999999
6322,47.7317,-121.964
6323,47.4853,-122.318
6324,47.5089,-122.155
6325,47.3597,-122.04
6326,47.4382,-122.348
6327,47.5396,-122.26899999999999
6328,47.5684,-122.3
6329,47.5876,-122.204
6330,47.7655,-122.244
6331,47.5742,-122.139
6332,47.6476,-122.35600000000001
6333,47.4646,-122.184
6334,47.3711,-122.06
6335,47.4833,-121.8
6336,47.441,-122.125
6337,47.4899,-122.164
6338,47.76300000000001,-122.34200000000001
6339,47.6147,-122.3
6340,47.6147,-122.3
6341,47.5535,-122.095
6342,47.6638,-122.12799999999999
6343,47.6878,-122.285
6344,47.4919,-122.18700000000001
6345,47.3627,-122.073
6346,47.5653,-122.369
6347,47.3281,-122.135
6348,47.7289,-122.34
6349,47.622,-122.195
6350,47.2738,-122.271
6351,47.7741,-122.37299999999999
6352,47.4996,-122.163
6353,47.6888,-122.20100000000001
6354,47.5401,-121.861
6355,47.5514,-122.26299999999999
6356,47.7094,-122.213
6357,47.4433,-122.194
6358,47.7044,-122.37200000000001
6359,47.58600000000001,-122.31299999999999
6360,47.6431,-122.359
6361,47.4756,-122.15700000000001
6362,47.7765,-122.27600000000001
6363,47.5273,-122.265
6364,47.7508,-122.339
6365,47.6736,-122.323
6366,47.6736,-122.323
6367,47.4199,-122.18299999999999
6368,47.3849,-122.204
6369,47.7421,-122.089
6370,47.5812,-121.993
6371,47.6255,-122.209
6372,47.6916,-122.12200000000001
6373,47.525,-122.389
6374,47.6744,-122.383
6375,47.5333,-121.859
6376,47.6415,-122.057
6377,47.6283,-122.301
6378,47.7143,-122.03200000000001
6379,47.6395,-122.20299999999999
6380,47.5895,-122.311
6381,47.5577,-122.29700000000001
6382,47.4786,-122.11200000000001
6383,47.4702,-122.275
6384,47.5496,-122.12
6385,47.5708,-122.288
6386,47.5095,-122.24700000000001
6387,47.6809,-122.351
6388,47.457,-122.27
6389,47.4906,-122.306
6390,47.3704,-122.08
6391,47.4522,-122.178
6392,47.5389,-122.242
6393,47.5655,-121.89
6394,47.5194,-122.375
6395,47.7735,-122.273
6396,47.5379,-122.264
6397,47.7141,-122.213
6398,47.3177,-122.21
6399,47.6488,-122.385
6400,47.3997,-122.31299999999999
6401,47.7009,-122.301
6402,47.67,-122.28399999999999
6403,47.5506,-122.395
6404,47.2559,-122.007
6405,47.5664,-121.999
6406,47.6745,-122.054
6407,47.7326,-122.234
6408,47.3897,-122.051
6409,47.7321,-122.198
6410,47.4909,-122.20299999999999
6411,47.6948,-122.395
6412,47.5755,-122.07
6413,47.361000000000004,-122.281
6414,47.3548,-122.00200000000001
6415,47.6656,-122.406
6416,47.5989,-122.039
6417,47.7373,-122.35
6418,47.3815,-122.31299999999999
6419,47.5055,-122.26
6420,47.3661,-122.17299999999999
6421,47.3228,-122.08
6422,47.614,-122.041
6423,47.4837,-122.148
6424,47.6332,-122.36200000000001
6425,47.7435,-122.296
6426,47.3109,-122.229
6427,47.3564,-122.04
6428,47.7597,-122.26299999999999
6429,47.7597,-122.26299999999999
6430,47.75,-122.024
6431,47.3623,-122.09
6432,47.7231,-122.229
6433,47.6684,-122.368
6434,47.5936,-122.301
6435,47.4339,-122.19200000000001
6436,47.3063,-122.359
6437,47.5322,-122.04899999999999
6438,47.5312,-122.39200000000001
6439,47.3207,-122.209
6440,47.6214,-122.119
6441,47.5535,-122.37700000000001
6442,47.2849,-122.251
6443,47.5836,-122.2
6444,47.5675,-122.01899999999999
6445,47.3684,-122.318
6446,47.4564,-122.162
6447,47.6969,-122.046
6448,47.6757,-122.36200000000001
6449,47.3782,-122.228
6450,47.6289,-122.309
6451,47.5925,-122.391
6452,47.5643,-122.16
6453,47.5199,-122.184
6454,47.6653,-122.194
6455,47.5754,-122.414
6456,47.553999999999995,-122.306
6457,47.3118,-122.337
6458,47.6903,-121.929
6459,47.6801,-122.35700000000001
6460,47.5378,-122.04299999999999
6461,47.6582,-122.12200000000001
6462,47.6598,-122.34899999999999
6463,47.3107,-122.397
6464,47.4855,-121.698
6465,47.5506,-122.101
6466,47.7201,-122.30799999999999
6467,47.6513,-122.38600000000001
6468,47.5551,-122.001
6469,47.7309,-122.05799999999999
6470,47.6802,-122.35799999999999
6471,47.5489,-122.398
6472,47.7767,-122.365
6473,47.6729,-122.148
6474,47.35,-122.322
6475,47.7352,-122.20100000000001
6476,47.7397,-122.324
6477,47.5756,-122.15799999999999
6478,47.7347,-122.193
6479,47.5481,-121.88600000000001
6480,47.3733,-122.42200000000001
6481,47.44,-122.145
6482,47.3601,-122.046
6483,47.3057,-122.21600000000001
6484,47.3732,-122.12899999999999
6485,47.3088,-122.273
6486,47.6724,-121.865
6487,47.5304,-122.353
6488,47.6604,-122.40100000000001
6489,47.6002,-121.98
6490,47.5747,-122.145
6491,47.262,-122.22
6492,47.3568,-122.038
6493,47.6413,-122.405
6494,47.4294,-122.34299999999999
6495,47.7097,-122.01299999999999
6496,47.4434,-121.774
6497,47.3146,-122.351
6498,47.6838,-122.36200000000001
6499,47.5309,-122.354
6500,47.4012,-122.025
6501,47.6659,-122.32700000000001
6502,47.6515,-122.277
6503,47.3942,-122.16
6504,47.5983,-122.20200000000001
6505,47.5799,-122.4
6506,47.5886,-122.287
6507,47.5269,-122.171
6508,47.6388,-122.21799999999999
6509,47.3725,-122.073
6510,47.7532,-122.318
6511,47.338,-122.333
6512,47.6819,-122.208
6513,47.3643,-122.09
6514,47.3901,-122.071
6515,47.5249,-122.319
6516,47.6164,-122.115
6517,47.2099,-122.001
6518,47.3766,-122.115
6519,47.6914,-122.352
6520,47.7393,-122.2
6521,47.5227,-122.37200000000001
6522,47.5539,-122.001
6523,47.4291,-122.292
6524,47.6106,-122.055
6525,47.6228,-122.104
6526,47.2674,-122.072
6527,47.4655,-122.17399999999999
6528,47.4655,-122.17399999999999
6529,47.559,-122.146
6530,47.4485,-121.77600000000001
6531,47.6543,-122.34700000000001
6532,47.4335,-122.338
6533,47.7249,-122.29799999999999
6534,47.5508,-122.26799999999999
6535,47.6988,-122.20200000000001
6536,47.5911,-122.01799999999999
6537,47.7433,-122.094
6538,47.6188,-122.064
6539,47.5413,-122.21600000000001
6540,47.6428,-122.302
6541,47.7251,-122.11
6542,47.5516,-122.382
6543,47.2959,-122.166
6544,47.5683,-122.178
6545,47.5898,-122.00399999999999
6546,47.3862,-122.029
6547,47.7615,-122.309
6548,47.7222,-122.177
6549,47.2757,-122.145
6550,47.3627,-122.10799999999999
6551,47.5065,-122.36399999999999
6552,47.5773,-122.406
6553,47.7435,-122.31700000000001
6554,47.7144,-122.204
6555,47.6696,-122.416
6556,47.5385,-122.355
6557,47.6885,-122.113
6558,47.5434,-122.29299999999999
6559,47.4798,-122.344
6560,47.7242,-122.03200000000001
6561,47.3883,-122.05
6562,47.5011,-122.375
6563,47.6944,-122.288
6564,47.456,-122.209
6565,47.6259,-122.111
6566,47.548,-122.35600000000001
6567,47.354,-121.999
6568,47.3504,-122.141
6569,47.5388,-122.387
6570,47.5088,-122.338
6571,47.5873,-122.29
6572,47.6726,-122.38600000000001
6573,47.3424,-122.289
6574,47.6848,-122.389
6575,47.6233,-122.10799999999999
6576,47.6872,-122.185
6577,47.5375,-122.07
6578,47.6478,-122.029
6579,47.3036,-122.37700000000001
6580,47.7675,-122.315
6581,47.6451,-122.35
6582,47.5449,-122.38799999999999
6583,47.5112,-122.359
6584,47.5714,-122.385
6585,47.3514,-122.167
6586,47.5542,-122.265
6587,47.6616,-121.999
6588,47.7165,-122.319
6589,47.4865,-121.802
6590,47.6111,-122.009
6591,47.7083,-122.30799999999999
6592,47.4324,-122.184
6593,47.3263,-122.305
6594,47.6019,-122.13
6595,47.4755,-122.145
6596,47.6495,-122.185
6597,47.6622,-122.171
6598,47.7443,-122.17
6599,47.5512,-122.37100000000001
6600,47.3196,-122.399
6601,47.6122,-122.009
6602,47.7193,-122.12700000000001
6603,47.6162,-122.17399999999999
6604,47.6863,-122.09299999999999
6605,47.6191,-122.145
6606,47.6842,-122.34100000000001
6607,47.3329,-122.2
6608,47.7446,-122.33200000000001
6609,47.4944,-122.165
6610,47.4048,-122.178
6611,47.6642,-122.291
6612,47.3659,-122.01700000000001
6613,47.6913,-122.115
6614,47.5718,-121.99600000000001
6615,47.5101,-122.15100000000001
6616,47.52,-122.365
6617,47.7662,-122.11399999999999
6618,47.2956,-122.374
6619,47.7608,-122.361
6620,47.2625,-122.30799999999999
6621,47.2669,-122.25399999999999
6622,47.354,-122.29299999999999
6623,47.3344,-122.21600000000001
6624,47.4375,-122.176
6625,47.4375,-122.176
6626,47.3864,-122.223
6627,47.691,-122.12899999999999
6628,47.7122,-122.23100000000001
6629,47.7616,-122.365
6630,47.7757,-122.391
6631,47.6967,-122.34200000000001
6632,47.6849,-122.376
6633,47.7698,-122.167
6634,47.7604,-122.329
6635,47.5327,-122.054
6636,47.7379,-122.22399999999999
6637,47.7264,-122.104
6638,47.5936,-122.054
6639,47.5163,-121.87799999999999
6640,47.4579,-122.164
6641,47.2955,-122.36200000000001
6642,47.3497,-122.31700000000001
6643,47.6363,-122.117
6644,47.3408,-122.335
6645,47.3627,-122.087
6646,47.3794,-122.022
6647,47.3729,-122.18299999999999
6648,47.565,-122.28399999999999
6649,47.7649,-122.098
6650,47.725,-122.17399999999999
6651,47.6668,-122.285
6652,47.4426,-122.34200000000001
6653,47.5868,-122.03299999999999
6654,47.7166,-122.20100000000001
6655,47.488,-121.787
6656,47.4559,-122.289
6657,47.4511,-122.12100000000001
6658,47.7155,-122.104
6659,47.6853,-122.366
6660,47.5495,-122.37700000000001
6661,47.6918,-122.21600000000001
6662,47.6962,-122.31200000000001
6663,47.5999,-122.176
6664,47.5533,-122.098
6665,47.6655,-122.363
6666,47.6249,-122.024
6667,47.2864,-122.35700000000001
6668,47.6833,-122.398
6669,47.3343,-122.194
6670,47.4496,-122.155
6671,47.7735,-122.37100000000001
6672,47.5958,-122.175
6673,47.688,-122.164
6674,47.5937,-122.116
6675,47.497,-122.35700000000001
6676,47.4564,-122.211
6677,47.4917,-122.167
6678,47.5334,-121.867
6679,47.5112,-122.167
6680,47.7125,-122.32
6681,47.3875,-122.03200000000001
6682,47.6726,-122.29799999999999
6683,47.4367,-122.463
6684,47.7648,-122.37
6685,47.5371,-121.756
6686,47.4798,-122.34299999999999
6687,47.695,-121.91799999999999
6688,47.5503,-122.285
6689,47.7012,-122.18700000000001
6690,47.4006,-122.322
6691,47.6374,-122.064
6692,47.328,-122.34100000000001
6693,47.7313,-122.229
6694,47.773,-122.37100000000001
6695,47.3741,-122.15
6696,47.7064,-122.34200000000001
6697,47.4823,-122.031
6698,47.4815,-122.331
6699,47.61600000000001,-122.115
6700,47.5196,-122.37100000000001
6701,47.7439,-122.17399999999999
6702,47.5002,-122.15100000000001
6703,47.6937,-122.29799999999999
6704,47.4734,-122.193
6705,47.6954,-122.292
6706,47.478,-122.27799999999999
6707,47.358999999999995,-122.05
6708,47.6899,-122.21700000000001
6709,47.6554,-122.134
6710,47.6768,-122.31
6711,47.3812,-122.16799999999999
6712,47.5975,-122.038
6713,47.526,-121.81
6714,47.526,-121.81
6715,47.6413,-122.354
6716,47.5838,-122.027
6717,47.5755,-122.289
6718,47.7325,-122.34299999999999
6719,47.6847,-122.368
6720,47.3336,-122.281
6721,47.4815,-121.714
6722,47.3862,-122.304
6723,47.7185,-122.226
6724,47.534,-122.346
6725,47.5162,-122.274
6726,47.615,-122.117
6727,47.5518,-122.37
6728,47.6902,-122.306
6729,47.4444,-122.351
6730,47.4782,-122.035
6731,47.357,-122.04
6732,47.7311,-122.036
6733,47.5274,-122.345
6734,47.6259,-122.194
6735,47.6876,-122.395
6736,47.5772,-122.001
6737,47.3926,-122.167
6738,47.5263,-122.286
6739,47.2843,-122.35700000000001
6740,47.2737,-122.15299999999999
6741,47.3542,-122.098
6742,47.3171,-122.279
6743,47.6244,-122.109
6744,47.4944,-121.789
6745,47.6931,-122.34200000000001
6746,47.7687,-122.036
6747,47.5071,-122.194
6748,47.5807,-122.291
6749,47.3111,-122.35
6750,47.3322,-122.17299999999999
6751,47.5517,-122.26799999999999
6752,47.7548,-122.316
6753,47.5619,-122.405
6754,47.5257,-122.35700000000001
6755,47.3599,-122.18799999999999
6756,47.7051,-122.223
6757,47.5932,-121.98299999999999
6758,47.3634,-122.086
6759,47.4952,-122.17200000000001
6760,47.732,-122.23100000000001
6761,47.2938,-122.348
6762,47.317,-122.385
6763,47.3552,-122.02600000000001
6764,47.6284,-122.31200000000001
6765,47.5919,-122.251
6766,47.7551,-122.353
6767,47.6605,-122.189
6768,47.6715,-122.162
6769,47.6721,-122.323
6770,47.5294,-122.35700000000001
6771,47.6998,-122.366
6772,47.5306,-122.227
6773,47.6886,-122.37799999999999
6774,47.3842,-122.036
6775,47.4924,-122.31200000000001
6776,47.4956,-122.17399999999999
6777,47.6288,-122.28399999999999
6778,47.6465,-122.35700000000001
6779,47.5842,-121.992
6780,47.7736,-122.296
6781,47.4868,-122.303
6782,47.492,-122.22399999999999
6783,47.6491,-122.061
6784,47.6491,-122.061
6785,47.6042,-122.303
6786,47.632,-122.09200000000001
6787,47.5865,-122.056
6788,47.6392,-122.165
6789,47.6297,-122.11399999999999
6790,47.606,-122.125
6791,47.5977,-121.976
6792,47.286,-122.21799999999999
6793,47.7603,-122.307
6794,47.7234,-122.066
6795,47.6744,-122.353
6796,47.3999,-122.211
6797,47.305,-122.215
6798,47.5998,-122.016
6799,47.6331,-122.166
6800,47.3423,-122.088
6801,47.4805,-121.762
6802,47.6294,-122.215
6803,47.3834,-122.027
6804,47.3431,-122.304
6805,47.7439,-122.301
6806,47.5699,-122.287
6807,47.4545,-122.18700000000001
6808,47.7775,-122.337
6809,47.6022,-122.021
6810,47.4417,-122.134
6811,47.6886,-122.361
6812,47.5561,-122.37700000000001
6813,47.3385,-122.262
6814,47.4163,-122.34
6815,47.751999999999995,-122.25299999999999
6816,47.5517,-122.36
6817,47.6203,-122.21
6818,47.3839,-122.321
6819,47.2142,-121.98700000000001
6820,47.5549,-122.311
6821,47.6946,-122.32799999999999
6822,47.6597,-122.29
6823,47.3541,-122.024
6824,47.4948,-121.77600000000001
6825,47.5501,-122.26100000000001
6826,47.5437,-122.291
6827,47.4808,-121.781
6828,47.6243,-122.1
6829,47.5024,-122.32
6830,47.5803,-122.40299999999999
6831,47.4661,-122.145
6832,47.6304,-122.301
6833,47.3896,-122.03399999999999
6834,47.6875,-122.39200000000001
6835,47.513999999999996,-122.176
6836,47.7323,-122.116
6837,47.422,-122.15299999999999
6838,47.3035,-122.28299999999999
6839,47.5952,-122.056
6840,47.6874,-122.214
6841,47.3439,-122.198
6842,47.7006,-122.197
6843,47.5975,-122.196
6844,47.7349,-122.295
6845,47.7738,-122.266
6846,47.3137,-122.212
6847,47.6791,-122.402
6848,47.7481,-122.292
6849,47.5427,-122.265
6850,47.6652,-122.146
6851,47.4477,-121.77
6852,47.326,-122.273
6853,47.6916,-122.34
6854,47.4732,-122.18799999999999
6855,47.4523,-122.286
6856,47.6466,-122.304
6857,47.7181,-122.37100000000001
6858,47.7091,-122.198
6859,47.6828,-122.353
6860,47.6855,-122.19
6861,47.6847,-122.064
6862,47.6308,-122.238
6863,47.3565,-122.016
6864,47.6617,-122.137
6865,47.369,-122.311
6866,47.7243,-122.21
6867,47.5401,-121.87899999999999
6868,47.625,-122.14399999999999
6869,47.5949,-122.296
6870,47.6802,-122.29799999999999
6871,47.363,-122.035
6872,47.5346,-122.353
6873,47.4051,-122.193
6874,47.6673,-122.176
6875,47.6971,-122.101
6876,47.4243,-122.20200000000001
6877,47.7492,-122.311
6878,47.5175,-122.39299999999999
6879,47.6256,-122.037
6880,47.6122,-122.137
6881,47.5137,-122.25200000000001
6882,47.4814,-122.189
6883,47.5121,-122.16799999999999
6884,47.3871,-122.22399999999999
6885,47.6879,-122.208
6886,47.4975,-122.23100000000001
6887,47.6321,-122.37100000000001
6888,47.5289,-122.28
6889,47.5294,-122.361
6890,47.3804,-122.32
6891,47.306000000000004,-122.375
6892,47.4958,-122.262
6893,47.727,-122.339
6894,47.7601,-122.286
6895,47.7256,-122.211
6896,47.5576,-122.277
6897,47.5576,-122.277
6898,47.3762,-122.318
6899,47.2769,-122.333
6900,47.3241,-122.37799999999999
6901,47.6514,-122.40700000000001
6902,47.4738,-122.353
6903,47.7625,-122.36
6904,47.5878,-122.165
6905,47.768,-122.09200000000001
6906,47.6377,-121.985
6907,47.5845,-122.291
6908,47.6501,-122.395
6909,47.7445,-122.24799999999999
6910,47.5817,-122.24600000000001
6911,47.6444,-122.35700000000001
6912,47.6827,-122.289
6913,47.6832,-122.286
6914,47.6268,-122.038
6915,47.5361,-122.351
6916,47.4915,-122.184
6917,47.7569,-122.32600000000001
6918,47.6901,-122.36200000000001
6919,47.6522,-121.97
6920,47.6835,-122.387
6921,47.7681,-122.305
6922,47.7322,-122.185
6923,47.6695,-122.05
6924,47.5669,-121.956
6925,47.6198,-122.044
6926,47.5195,-122.374
6927,47.4353,-122.084
6928,47.3261,-122.353
6929,47.4617,-122.012
6930,47.4437,-122.137
6931,47.6102,-122.309
6932,47.6155,-122.3
6933,47.6381,-122.116
6934,47.1958,-122.009
6935,47.7479,-122.03399999999999
6936,47.6558,-122.135
6937,47.6438,-122.40299999999999
6938,47.7195,-122.37100000000001
6939,47.4807,-121.775
6940,47.6949,-122.389
6941,47.7321,-122.353
6942,47.4217,-122.20100000000001
6943,47.6565,-121.912
6944,47.7609,-122.14399999999999
6945,47.4326,-122.34100000000001
6946,47.5513,-122.109
6947,47.7275,-122.336
6948,47.6892,-122.38600000000001
6949,47.5912,-121.986
6950,47.3328,-122.18700000000001
6951,47.2755,-122.30799999999999
6952,47.303000000000004,-122.383
6953,47.6578,-122.286
6954,47.7275,-122.219
6955,47.6366,-122.029
6956,47.6815,-122.2
6957,47.1938,-121.98100000000001
6958,47.4935,-122.306
6959,47.3085,-121.88799999999999
6960,47.5577,-122.396
6961,47.2588,-122.21
6962,47.5246,-122.325
6963,47.6032,-122.31
6964,47.515,-122.117
6965,47.7333,-122.12799999999999
6966,47.5596,-122.14200000000001
6967,47.3948,-122.20100000000001
6968,47.3577,-122.038
6969,47.5634,-122.12799999999999
6970,47.511,-122.15299999999999
6971,47.6102,-122.314
6972,47.4513,-122.16
6973,47.5855,-122.194
6974,47.6982,-122.34700000000001
6975,47.4183,-122.182
6976,47.5873,-122.205
6977,47.6677,-122.15
6978,47.6426,-121.955
6979,47.3021,-122.375
6980,47.5175,-122.205
6981,47.6681,-122.36200000000001
6982,47.622,-122.139
6983,47.50899999999999,-122.251
6984,47.57899999999999,-122.051
6985,47.7212,-122.22200000000001
6986,47.7344,-122.333
6987,47.3499,-122.302
6988,47.718999999999994,-122.307
6989,47.3545,-122.056
6990,47.7703,-122.265
6991,47.5671,-122.39399999999999
6992,47.5102,-122.241
6993,47.7275,-122.12200000000001
6994,47.6489,-122.337
6995,47.6454,-122.21799999999999
6996,47.6751,-122.37899999999999
6997,47.6767,-122.38799999999999
6998,47.55,-122.35600000000001
6999,47.5846,-122.291
7000,47.2884,-122.365
7001,47.5544,-122.147
7002,47.3766,-122.18
7003,47.6346,-122.12700000000001
7004,47.5424,-122.381
7005,47.3162,-122.18299999999999
7006,47.7443,-122.11399999999999
7007,47.6645,-122.34200000000001
7008,47.5137,-122.189
7009,47.4821,-122.331
7010,47.6422,-121.954
7011,47.6744,-122.353
7012,47.4022,-122.171
7013,47.4557,-122.181
7014,47.7181,-122.316
7015,47.2909,-122.219
7016,47.6336,-122.115
7017,47.5426,-122.262
7018,47.4036,-122.205
7019,47.5879,-121.973
7020,47.6986,-122.286
7021,47.5665,-122.023
7022,47.3207,-122.36200000000001
7023,47.3226,-122.287
7024,47.7494,-122.236
7025,47.5102,-122.33
7026,47.4197,-122.205
7027,47.6156,-122.29899999999999
7028,47.6229,-122.22
7029,47.6894,-122.391
7030,47.3674,-122.50299999999999
7031,47.5608,-122.016
7032,47.6746,-122.4
7033,47.482,-122.34
7034,47.5202,-122.04700000000001
7035,47.4481,-122.27799999999999
7036,47.735,-122.15899999999999
7037,47.4145,-122.44
7038,47.5586,-122.12100000000001
7039,47.5796,-121.99799999999999
7040,47.3685,-122.04799999999999
7041,47.5427,-122.302
7042,47.4417,-122.135
7043,47.3456,-122.305
7044,47.3467,-122.306
7045,47.5604,-122.133
7046,47.6539,-122.12100000000001
7047,47.5551,-122.273
7048,47.3321,-122.26100000000001
7049,47.3913,-122.185
7050,47.7684,-122.25399999999999
7051,47.6073,-122.015
7052,47.5078,-122.01799999999999
7053,47.5776,-121.99600000000001
7054,47.4238,-122.322
7055,47.6264,-122.302
7056,47.3065,-122.219
7057,47.6855,-122.26899999999999
7058,47.3046,-122.39200000000001
7059,47.4576,-122.182
7060,47.6619,-122.351
7061,47.63399999999999,-122.204
7062,47.6287,-122.089
7063,47.6544,-121.99799999999999
7064,47.6344,-122.116
7065,47.5381,-122.26700000000001
7066,47.4772,-122.15299999999999
7067,47.5982,-122.12799999999999
7068,47.5076,-122.366
7069,47.6415,-122.39200000000001
7070,47.5385,-121.896
7071,47.5174,-122.194
7072,47.5499,-122.39399999999999
7073,47.5772,-121.99799999999999
7074,47.5456,-122.179
7075,47.6198,-122.105
7076,47.7498,-122.146
7077,47.7528,-122.25200000000001
7078,47.3531,-122.01700000000001
7079,47.1969,-122.01100000000001
7080,47.3876,-122.21600000000001
7081,47.5321,-122.029
7082,47.4921,-122.339
7083,47.6592,-122.34899999999999
7084,47.6399,-122.32
7085,47.631,-122.098
7086,47.672,-121.86399999999999
7087,47.2625,-122.3
7088,47.6272,-122.095
7089,47.536,-122.35799999999999
7090,47.7412,-122.355
7091,47.7513,-122.334
7092,47.3665,-122.09200000000001
7093,47.6818,-122.189
7094,47.3286,-122.336
7095,47.5687,-122.374
7096,47.6896,-122.331
7097,47.5865,-122.135
7098,47.6931,-122.37899999999999
7099,47.4578,-122.274
7100,47.4373,-122.333
7101,47.6333,-122.03399999999999
7102,47.7263,-122.289
7103,47.3113,-122.35799999999999
7104,47.5983,-122.15
7105,47.5407,-122.37899999999999
7106,47.7612,-122.229
7107,47.7291,-122.337
7108,47.5948,-121.98299999999999
7109,47.6342,-122.171
7110,47.3727,-122.162
7111,47.4919,-122.181
7112,47.4828,-122.344
7113,47.24100000000001,-121.979
7114,47.5807,-122.397
7115,47.6134,-122.30799999999999
7116,47.6288,-122.098
7117,47.7262,-122.285
7118,47.3358,-122.32
7119,47.6587,-122.124
7120,47.5832,-122.29
7121,47.7602,-122.022
7122,47.7268,-122.311
7123,47.7698,-121.898
7124,47.343999999999994,-122.331
7125,47.5505,-122.221
7126,47.6783,-122.29799999999999
7127,47.2558,-122.024
7128,47.7039,-122.385
7129,47.3086,-122.365
7130,47.5385,-121.88
7131,47.7607,-122.354
7132,47.6341,-122.361
7133,47.6203,-122.037
7134,47.6836,-122.162
7135,47.7762,-122.27
7136,47.2986,-122.37700000000001
7137,47.3595,-122.038
7138,47.4868,-122.15899999999999
7139,47.56100000000001,-122.398
7140,47.6121,-122.294
7141,47.5839,-122.383
7142,47.6131,-122.145
7143,47.4485,-121.774
7144,47.7325,-122.34299999999999
7145,47.607,-122.12
7146,47.5598,-122.27
7147,47.4587,-122.117
7148,47.3611,-122.04700000000001
7149,47.565,-122.291
7150,47.6802,-122.306
7151,47.3491,-122.113
7152,47.6801,-122.10600000000001
7153,47.5004,-122.162
7154,47.7195,-122.182
7155,47.6389,-122.102
7156,47.7181,-122.30799999999999
7157,47.5707,-122.01799999999999
7158,47.6596,-122.28
7159,47.3867,-122.19
7160,47.6211,-122.15299999999999
7161,47.5237,-122.391
7162,47.3948,-122.02799999999999
7163,47.2091,-122.009
7164,47.4314,-122.164
7165,47.666000000000004,-122.27600000000001
7166,47.7393,-122.244
7167,47.4947,-122.23700000000001
7168,47.3402,-122.046
7169,47.7042,-122.37
7170,47.3078,-122.374
7171,47.7721,-122.206
7172,47.7721,-122.206
7173,47.6911,-122.103
7174,47.2646,-122.219
7175,47.5536,-122.399
7176,47.6719,-122.396
7177,47.4639,-122.17
7178,47.3293,-122.17
7179,47.4936,-122.165
7180,47.718999999999994,-122.182
7181,47.6589,-122.27600000000001
7182,47.3624,-122.079
7183,47.4324,-122.191
7184,47.6307,-122.354
7185,47.471000000000004,-122.262
7186,47.6747,-122.39299999999999
7187,47.6638,-122.329
7188,47.5553,-122.286
7189,47.6461,-122.31700000000001
7190,47.5354,-122.27799999999999
7191,47.3624,-122.455
7192,47.7717,-122.25
7193,47.5443,-121.994
7194,47.7129,-122.304
7195,47.7062,-122.311
7196,47.45399999999999,-122.37299999999999
7197,47.7464,-122.31700000000001
7198,47.7037,-122.30799999999999
7199,47.5828,-122.118
7200,47.7125,-121.915
7201,47.4862,-122.32600000000001
7202,47.3338,-122.337
7203,47.3431,-122.03
7204,47.4836,-122.33200000000001
7205,47.3683,-122.164
7206,47.6005,-122.306
7207,47.5283,-122.286
7208,47.7101,-122.10799999999999
7209,47.7422,-122.245
7210,47.3289,-122.17
7211,47.6928,-122.323
7212,47.5042,-122.193
7213,47.3788,-122.031
7214,47.3789,-122.213
7215,47.7627,-122.245
7216,47.6469,-121.897
7217,47.3658,-122.04
7218,47.2056,-121.999
7219,47.4828,-122.324
7220,47.6722,-122.384
7221,47.7362,-122.241
7222,47.5663,-122.274
7223,47.7162,-122.166
7224,47.6214,-122.227
7225,47.6076,-122.29799999999999
7226,47.461999999999996,-122.18799999999999
7227,47.4349,-122.17
7228,47.5933,-122.007
7229,47.6866,-122.205
7230,47.5685,-122.012
7231,47.4574,-122.169
7232,47.2848,-122.361
7233,47.5516,-122.085
7234,47.1947,-122.008
7235,47.67,-122.39200000000001
7236,47.3538,-122.01299999999999
7237,47.5549,-122.35600000000001
7238,47.4869,-122.324
7239,47.4869,-122.324
7240,47.3591,-122.038
7241,47.7671,-122.225
7242,47.676,-122.15
7243,47.4141,-122.47
7244,47.3954,-122.191
7245,47.6298,-122.323
7246,47.5504,-122.09700000000001
7247,47.6265,-122.3
7248,47.5354,-122.28
7249,47.6737,-122.28299999999999
7250,47.7454,-122.103
7251,47.1932,-122.008
7252,47.7329,-122.34299999999999
7253,47.7134,-122.361
7254,47.4095,-122.29
7255,47.6231,-122.04299999999999
7256,47.6475,-122.37100000000001
7257,47.3162,-122.194
7258,47.5031,-122.37200000000001
7259,47.7402,-122.255
7260,47.7502,-122.085
7261,47.2933,-122.37700000000001
7262,47.5507,-122.113
7263,47.6035,-122.005
7264,47.5638,-122.105
7265,47.6739,-122.17200000000001
7266,47.6938,-122.21
7267,47.6178,-122.292
7268,47.6947,-122.311
7269,47.691,-122.095
7270,47.7027,-122.355
7271,47.5627,-122.137
7272,47.6634,-122.359
7273,47.412,-122.16799999999999
7274,47.5157,-122.10700000000001
7275,47.7369,-122.04899999999999
7276,47.6453,-122.303
7277,47.7221,-122.37100000000001
7278,47.4603,-122.365
7279,47.6417,-122.397
7280,47.6482,-122.402
7281,47.5589,-122.08200000000001
7282,47.653999999999996,-122.12700000000001
7283,47.6581,-122.126
7284,47.5033,-122.23200000000001
7285,47.4598,-122.00399999999999
7286,47.3596,-122.089
7287,47.463,-122.475
7288,47.5226,-122.045
7289,47.7628,-122.244
7290,47.6743,-122.29899999999999
7291,47.7726,-122.286
7292,47.6865,-122.397
7293,47.5876,-122.391
7294,47.3835,-122.148
7295,47.45399999999999,-122.19
7296,47.4391,-122.161
7297,47.7303,-122.236
7298,47.7177,-122.22399999999999
7299,47.6944,-122.366
7300,47.3401,-122.28200000000001
7301,47.6487,-122.079
7302,47.7443,-122.325
7303,47.7623,-122.165
7304,47.5708,-122.19200000000001
7305,47.5762,-122.412
7306,47.5716,-122.204
7307,47.5605,-122.117
7308,47.3395,-122.28
7309,47.7301,-122.2
7310,47.5437,-122.28
7311,47.7072,-122.336
7312,47.6966,-122.315
7313,47.4286,-122.292
7314,47.4459,-121.773
7315,47.7212,-122.211
7316,47.5746,-122.135
7317,47.4094,-122.17
7318,47.6455,-122.352
7319,47.7748,-122.304
7320,47.5124,-122.37200000000001
7321,47.3347,-122.07700000000001
7322,47.6347,-121.958
7323,47.5812,-122.196
7324,47.6956,-122.304
7325,47.7011,-122.336
7326,47.3514,-122.279
7327,47.5705,-122.39200000000001
7328,47.7131,-122.28299999999999
7329,47.5273,-122.345
7330,47.6749,-122.14
7331,47.4734,-122.35
7332,47.3266,-122.272
7333,47.6893,-122.164
7334,47.7702,-122.066
7335,47.7529,-122.318
7336,47.6147,-122.285
7337,47.6983,-122.397
7338,47.6521,-121.905
7339,47.5485,-122.124
7340,47.19,-122.016
7341,47.7141,-122.031
7342,47.6389,-122.11
7343,47.5987,-122.029
7344,47.5298,-122.28
7345,47.5742,-122.118
7346,47.3925,-122.165
7347,47.718999999999994,-122.20200000000001
7348,47.3599,-122.176
7349,47.5662,-122.404
7350,47.3301,-122.365
7351,47.592,-121.98899999999999
7352,47.3154,-122.25399999999999
7353,47.66,-122.28200000000001
7354,47.6716,-122.029
7355,47.348,-122.035
7356,47.4046,-122.194
7357,47.6101,-121.955
7358,47.7367,-121.969
7359,47.6307,-122.088
7360,47.5409,-122.18
7361,47.6274,-122.04
7362,47.2062,-121.993
7363,47.3974,-122.31200000000001
7364,47.6824,-122.38
7365,47.6025,-122.152
7366,47.6705,-122.13799999999999
7367,47.3553,-122.28
7368,47.6155,-122.306
7369,47.583999999999996,-122.375
7370,47.6756,-122.30799999999999
7371,47.5217,-121.819
7372,47.5304,-122.073
7373,47.643,-122.412
7374,47.6704,-122.184
7375,47.5828,-122.291
7376,47.648,-122.38600000000001
7377,47.4814,-122.34299999999999
7378,47.6361,-122.399
7379,47.3513,-122.1
7380,47.6292,-122.355
7381,47.6954,-122.375
7382,47.3523,-122.213
7383,47.731,-122.132
7384,47.6826,-122.274
7385,47.5945,-122.056
7386,47.7685,-122.33200000000001
7387,47.5295,-122.229
7388,47.5048,-122.19
7389,47.4438,-122.134
7390,47.6865,-122.32
7391,47.7211,-122.02799999999999
7392,47.4719,-122.074
7393,47.3273,-122.34899999999999
7394,47.5255,-122.265
7395,47.3609,-122.274
7396,47.3609,-122.05
7397,47.5979,-122.197
7398,47.5394,-121.87799999999999
7399,47.4965,-122.15700000000001
7400,47.6691,-122.294
7401,47.4526,-122.35700000000001
7402,47.3237,-122.337
7403,47.4993,-122.36399999999999
7404,47.7503,-122.051
7405,47.511,-122.251
7406,47.2957,-122.18700000000001
7407,47.6784,-122.304
7408,47.6259,-122.291
7409,47.3613,-122.087
7410,47.7684,-122.304
7411,47.5867,-122.311
7412,47.5654,-121.89399999999999
7413,47.7641,-122.34100000000001
7414,47.5728,-122.179
7415,47.4853,-122.126
7416,47.5841,-122.17200000000001
7417,47.2934,-122.215
7418,47.5318,-122.17
7419,47.5614,-122.215
7420,47.4649,-122.03399999999999
7421,47.6318,-122.365
7422,47.3187,-122.18
7423,47.6662,-122.083
7424,47.705,-122.29899999999999
7425,47.6299,-122.28
7426,47.5348,-122.241
7427,47.3585,-122.195
7428,47.3689,-122.163
7429,47.56,-122.14399999999999
7430,47.6958,-122.29
7431,47.486000000000004,-121.726
7432,47.6632,-122.15299999999999
7433,47.553999999999995,-122.19
7434,47.7721,-122.367
7435,47.6279,-122.037
7436,47.3473,-122.305
7437,47.7381,-122.223
7438,47.6218,-122.03
7439,47.5313,-122.36
7440,47.6708,-122.29700000000001
7441,47.6478,-122.383
7442,47.4968,-122.23700000000001
7443,47.73,-122.315
7444,47.5828,-122.19
7445,47.6171,-122.044
7446,47.4984,-122.176
7447,47.4535,-122.35799999999999
7448,47.773999999999994,-122.08
7449,47.5531,-121.89200000000001
7450,47.6997,-122.319
7451,47.6587,-122.009
7452,47.5917,-122.29
7453,47.3556,-122.175
7454,47.5342,-122.226
7455,47.5155,-122.255
7456,47.6538,-122.39299999999999
7457,47.5707,-122.022
7458,47.5293,-122.271
7459,47.623999999999995,-122.04799999999999
7460,47.3262,-122.17399999999999
7461,47.3835,-122.035
7462,47.3555,-122.149
7463,47.771,-122.258
7464,47.3131,-122.39200000000001
7465,47.5811,-122.02799999999999
7466,47.3893,-122.154
7467,47.6644,-122.145
7468,47.52,-122.03
7469,47.6315,-122.311
7470,47.7696,-122.325
7471,47.3631,-122.02799999999999
7472,47.75,-122.234
7473,47.5294,-122.354
7474,47.361999999999995,-122.277
7475,47.674,-122.154
7476,47.5942,-122.296
7477,47.4805,-122.301
7478,47.3841,-122.036
7479,47.495,-122.34200000000001
7480,47.772,-122.022
7481,47.6726,-122.32
7482,47.69,-122.09700000000001
7483,47.5838,-122.382
7484,47.4536,-122.355
7485,47.6521,-122.398
7486,47.576,-122.214
7487,47.6197,-122.149
7488,47.6895,-122.12899999999999
7489,47.4009,-122.059
7490,47.696999999999996,-122.319
7491,47.5215,-122.33
7492,47.5637,-122.395
7493,47.7211,-122.31
7494,47.6191,-122.234
7495,47.5118,-122.18799999999999
7496,47.6811,-122.383
7497,47.4829,-122.12799999999999
7498,47.3075,-122.28399999999999
7499,47.6701,-122.259
7500,47.6978,-122.316
7501,47.6743,-122.26899999999999
7502,47.7471,-122.31700000000001
7503,47.757,-122.336
7504,47.6828,-122.395
7505,47.7555,-122.289
7506,47.6231,-122.12
7507,47.4494,-122.139
7508,47.6066,-122.304
7509,47.4089,-122.459
7510,47.4692,-122.162
7511,47.2175,-121.995
7512,47.4332,-122.446
7513,47.7366,-122.176
7514,47.7307,-122.29
7515,47.5335,-121.854
7516,47.3631,-122.05
7517,47.5233,-122.38600000000001
7518,47.6929,-122.34200000000001
7519,47.7685,-122.16
7520,47.5476,-122.005
7521,47.4363,-122.333
7522,47.7207,-122.184
7523,47.6133,-122.306
7524,47.2736,-122.251
7525,47.776,-122.23899999999999
7526,47.6915,-122.31200000000001
7527,47.56399999999999,-122.09100000000001
7528,47.3536,-122.04700000000001
7529,47.6344,-122.369
7530,47.5972,-122.296
7531,47.5202,-122.351
7532,47.6312,-122.307
7533,47.5293,-122.285
7534,47.7385,-122.348
7535,47.6265,-122.295
7536,47.6352,-122.352
7537,47.3646,-122.036
7538,47.4858,-122.111
7539,47.7383,-121.98299999999999
7540,47.5423,-122.351
7541,47.6296,-122.3
7542,47.3173,-122.32700000000001
7543,47.6824,-122.199
7544,47.6755,-122.16
7545,47.4214,-122.02
7546,47.3618,-122.289
7547,47.5057,-122.17200000000001
7548,47.3342,-122.34
7549,47.5303,-121.855
7550,47.6873,-122.385
7551,47.6699,-122.39299999999999
7552,47.568999999999996,-122.007
7553,47.3543,-122.005
7554,47.4261,-122.14399999999999
7555,47.7067,-122.28200000000001
7556,47.7301,-121.97200000000001
7557,47.6816,-122.374
7558,47.3116,-122.4
7559,47.6839,-122.19
7560,47.7276,-122.31200000000001
7561,47.61600000000001,-122.113
7562,47.5385,-121.87
7563,47.762,-122.11
7564,47.4456,-121.773
7565,47.3666,-122.12200000000001
7566,47.51300000000001,-122.185
7567,47.6854,-122.079
7568,47.5635,-122.39399999999999
7569,47.369,-122.177
7570,47.3673,-122.072
7571,47.5315,-122.23100000000001
7572,47.5905,-122.117
7573,47.6658,-122.139
7574,47.6757,-122.309
7575,47.4171,-122.20200000000001
7576,47.7373,-122.241
7577,47.3004,-122.37700000000001
7578,47.6145,-122.295
7579,47.5186,-122.35799999999999
7580,47.5318,-122.176
7581,47.3912,-122.234
7582,47.5788,-122.41
7583,47.5686,-122.286
7584,47.7643,-122.295
7585,47.7558,-122.21700000000001
7586,47.601000000000006,-122.134
7587,47.63800000000001,-121.96799999999999
7588,47.3617,-122.061
7589,47.457,-122.208
7590,47.6313,-122.204
7591,47.6987,-122.365
7592,47.692,-122.165
7593,47.4879,-122.339
7594,47.7336,-122.18299999999999
7595,47.4469,-121.772
7596,47.6599,-122.135
7597,47.7119,-122.319
7598,47.7307,-122.228
7599,47.6843,-122.212
7600,47.5404,-122.387
7601,47.7081,-122.277
7602,47.7328,-122.288
7603,47.5976,-122.295
7604,47.5451,-122.14200000000001
7605,47.3851,-122.029
7606,47.551,-122.376
7607,47.4458,-122.134
7608,47.5601,-122.363
7609,47.5785,-122.054
7610,47.4861,-122.226
7611,47.592,-122.295
7612,47.6968,-122.29700000000001
7613,47.6737,-122.365
7614,47.5296,-122.37899999999999
7615,47.6913,-122.366
7616,47.1983,-122.0
7617,47.3887,-122.22
7618,47.6391,-122.36
7619,47.5696,-122.12700000000001
7620,47.6646,-122.339
7621,47.6741,-122.323
7622,47.7583,-122.306
7623,47.6159,-122.306
7624,47.33600000000001,-122.334
7625,47.6555,-122.086
7626,47.7067,-122.01299999999999
7627,47.365,-122.02799999999999
7628,47.7523,-122.311
7629,47.4396,-122.104
7630,47.5234,-122.177
7631,47.4126,-122.165
7632,47.5309,-122.382
7633,47.5339,-121.854
7634,47.7316,-122.22399999999999
7635,47.4988,-122.16799999999999
7636,47.6897,-122.337
7637,47.632,-122.369
7638,47.6897,-122.294
7639,47.1924,-121.988
7640,47.4564,-122.00399999999999
7641,47.5447,-122.39399999999999
7642,47.7726,-122.139
7643,47.7753,-122.355
7644,47.6795,-122.104
7645,47.6277,-122.286
7646,47.4419,-121.736
7647,47.7047,-122.12799999999999
7648,47.6777,-122.035
7649,47.6402,-122.314
7650,47.3188,-122.17399999999999
7651,47.6809,-122.119
7652,47.4724,-122.147
7653,47.7293,-122.227
7654,47.5346,-122.391
7655,47.5419,-122.289
7656,47.6363,-122.20700000000001
7657,47.5697,-121.898
7658,47.4536,-122.33
7659,47.5328,-122.275
7660,47.2925,-122.28399999999999
7661,47.6301,-122.369
7662,47.6217,-122.309
7663,47.7226,-122.03
7664,47.5634,-122.016
7665,47.7552,-122.229
7666,47.6692,-122.02799999999999
7667,47.6753,-122.27799999999999
7668,47.5799,-122.305
7669,47.6745,-122.197
7670,47.6561,-122.13
7671,47.3747,-122.164
7672,47.6327,-122.09700000000001
7673,47.455,-122.198
7674,47.5503,-122.137
7675,47.6013,-122.29899999999999
7676,47.67,-122.295
7677,47.5122,-122.181
7678,47.6491,-122.12
7679,47.637,-122.029
7680,47.5691,-122.007
7681,47.4821,-122.19200000000001
7682,47.368,-122.314
7683,47.7494,-122.337
7684,47.3742,-122.28399999999999
7685,47.3552,-122.015
7686,47.7325,-122.245
7687,47.3943,-122.311
7688,47.3504,-122.02600000000001
7689,47.6807,-122.199
7690,47.7632,-122.089
7691,47.2666,-122.015
7692,47.4959,-122.17200000000001
7693,47.7205,-122.26
7694,47.5492,-122.3
7695,47.7326,-122.307
7696,47.6828,-122.26700000000001
7697,47.6751,-122.36200000000001
7698,47.7077,-122.37100000000001
7699,47.5396,-121.882
7700,47.7013,-122.369
7701,47.6384,-122.40299999999999
7702,47.5648,-122.01
7703,47.5871,-122.19200000000001
7704,47.6506,-122.20200000000001
7705,47.3525,-122.00200000000001
7706,47.6169,-122.06200000000001
7707,47.7132,-122.321
7708,47.4723,-122.19
7709,47.4305,-122.15700000000001
7710,47.5012,-122.15
7711,47.5039,-122.266
7712,47.1764,-122.02600000000001
7713,47.7128,-122.365
7714,47.5433,-122.28299999999999
7715,47.5859,-122.385
7716,47.7661,-122.31299999999999
7717,47.6154,-122.16799999999999
7718,47.7352,-122.17
7719,47.6768,-122.39
7720,47.3155,-122.182
7721,47.7397,-122.209
7722,47.5426,-122.387
7723,47.559,-122.162
7724,47.6854,-122.053
7725,47.5185,-122.376
7726,47.4984,-122.23
7727,47.6498,-122.321
7728,47.5081,-122.33
7729,47.5689,-121.995
7730,47.6338,-122.06299999999999
7731,47.6136,-122.041
7732,47.6853,-122.36200000000001
7733,47.6604,-122.28
7734,47.7553,-122.37
7735,47.3287,-122.169
7736,47.6977,-122.34899999999999
7737,47.4982,-122.221
7738,47.5393,-122.351
7739,47.3836,-122.08200000000001
7740,47.5885,-122.245
7741,47.6064,-122.039
7742,47.5044,-122.235
7743,47.5369,-122.291
7744,47.7241,-122.065
7745,47.6886,-121.911
7746,47.723,-122.353
7747,47.7184,-122.355
7748,47.7763,-122.209
7749,47.556999999999995,-122.395
7750,47.2021,-122.00200000000001
7751,47.7592,-122.23
7752,47.6963,-122.367
7753,47.4927,-122.28
7754,47.4925,-122.23899999999999
7755,47.6368,-122.351
7756,47.6217,-122.19200000000001
7757,47.3354,-122.031
7758,47.7516,-122.23700000000001
7759,47.5599,-122.118
7760,47.3682,-122.096
7761,47.5104,-122.171
7762,47.4619,-121.744
7763,47.6413,-122.346
7764,47.5317,-122.27600000000001
7765,47.5122,-122.383
7766,47.4202,-122.331
7767,47.3828,-122.148
7768,47.56100000000001,-122.01799999999999
7769,47.733999999999995,-122.353
7770,47.6373,-122.369
7771,47.4801,-122.315
7772,47.5531,-122.131
7773,47.4468,-122.337
7774,47.3959,-122.211
7775,47.6627,-122.19200000000001
7776,47.5287,-122.367
7777,47.7157,-122.28399999999999
7778,47.2008,-121.995
7779,47.4945,-122.303
7780,47.6668,-121.89200000000001
7781,47.5272,-122.27600000000001
7782,47.3202,-122.384
7783,47.3809,-122.287
7784,47.5573,-122.28200000000001
7785,47.3473,-122.314
7786,47.3473,-122.314
7787,47.6827,-122.376
7788,47.3516,-122.166
7789,47.5595,-121.90100000000001
7790,47.2082,-122.009
7791,47.7318,-122.23899999999999
7792,47.6838,-122.33200000000001
7793,47.7279,-122.10700000000001
7794,47.3658,-122.01700000000001
7795,47.6938,-122.213
7796,47.5158,-122.376
7797,47.7283,-122.238
7798,47.5668,-122.005
7799,47.4096,-122.17200000000001
7800,47.6924,-122.321
7801,47.6726,-122.39
7802,47.3525,-122.304
7803,47.6994,-122.354
7804,47.4189,-122.499
7805,47.3054,-122.38
7806,47.6385,-122.348
7807,47.4906,-122.309
7808,47.5726,-122.37299999999999
7809,47.691,-122.387
7810,47.3413,-122.28
7811,47.6147,-122.166
7812,47.5198,-122.37299999999999
7813,47.7081,-122.34200000000001
7814,47.551,-122.272
7815,47.4934,-122.23700000000001
7816,47.5459,-122.265
7817,47.6864,-122.311
7818,47.6854,-122.288
7819,47.5293,-122.274
7820,47.7537,-122.37299999999999
7821,47.688,-122.383
7822,47.3746,-122.18299999999999
7823,47.70399999999999,-122.3
7824,47.6756,-122.3
7825,47.5337,-122.18700000000001
7826,47.6067,-121.95200000000001
7827,47.7707,-122.369
7828,47.5731,-122.40799999999999
7829,47.492,-122.17200000000001
7830,47.3264,-122.262
7831,47.7339,-122.336
7832,47.5014,-122.226
7833,47.5303,-122.346
7834,47.4424,-122.126
7835,47.5468,-122.274
7836,47.6765,-122.384
7837,47.6322,-122.21600000000001
7838,47.5521,-122.115
7839,47.5521,-122.115
7840,47.3865,-122.21700000000001
7841,47.3865,-122.21700000000001
7842,47.2068,-121.992
7843,47.7099,-122.23
7844,47.7315,-122.35700000000001
7845,47.6719,-122.301
7846,47.588,-122.304
7847,47.691,-122.337
7848,47.5517,-122.272
7849,47.5936,-122.07700000000001
7850,47.68600000000001,-122.382
7851,47.772,-122.29700000000001
7852,47.6912,-122.115
7853,47.6702,-122.3
7854,47.6131,-122.29700000000001
7855,47.7554,-122.07600000000001
7856,47.5936,-122.01299999999999
7857,47.5471,-121.99600000000001
7858,47.4789,-122.15899999999999
7859,47.6842,-122.2
7860,47.4787,-122.12200000000001
7861,47.5445,-122.137
7862,47.1949,-121.98899999999999
7863,47.6964,-122.01700000000001
7864,47.5506,-122.29
7865,47.7214,-122.285
7866,47.701,-122.368
7867,47.5541,-122.29
7868,47.7173,-122.29899999999999
7869,47.7078,-122.01299999999999
7870,47.533,-122.34700000000001
7871,47.4857,-122.221
7872,47.2658,-122.21799999999999
7873,47.4771,-122.17399999999999
7874,47.3797,-122.152
7875,47.4933,-122.367
7876,47.5261,-122.14399999999999
7877,47.3895,-122.22200000000001
7878,47.6285,-122.301
7879,47.5395,-122.21
7880,47.6969,-122.366
7881,47.5584,-122.081
7882,47.33600000000001,-122.304
7883,47.2874,-122.19200000000001
7884,47.622,-122.059
7885,47.7527,-122.244
7886,47.5473,-122.17200000000001
7887,47.3757,-122.304
7888,47.3683,-122.147
7889,47.4269,-122.197
7890,47.7147,-122.35600000000001
7891,47.4685,-122.28200000000001
7892,47.5871,-122.31700000000001
7893,47.7024,-122.355
7894,47.7643,-122.352
7895,47.7012,-122.322
7896,47.7155,-122.194
7897,47.2598,-122.281
7898,47.4545,-122.146
7899,47.5622,-122.39200000000001
7900,47.6427,-122.40799999999999
7901,47.4431,-121.772
7902,47.7705,-122.37100000000001
7903,47.3538,-122.00399999999999
7904,47.6395,-122.214
7905,47.7642,-122.149
7906,47.3641,-122.193
7907,47.6469,-122.081
7908,47.7349,-121.986
7909,47.6601,-122.4
7910,47.5606,-122.22200000000001
7911,47.3264,-122.30799999999999
7912,47.6618,-122.355
7913,47.5123,-122.19
7914,47.5772,-122.01299999999999
7915,47.7427,-122.074
7916,47.657,-122.345
7917,47.6501,-122.384
7918,47.6795,-122.37100000000001
7919,47.4366,-122.171
7920,47.583,-122.17
7921,47.2896,-122.369
7922,47.6219,-122.024
7923,47.4016,-122.18
7924,47.5051,-122.194
7925,47.6309,-122.103
7926,47.6305,-122.354
7927,47.5453,-122.279
7928,47.7092,-121.89200000000001
7929,47.7101,-122.226
7930,47.53100000000001,-122.351
7931,47.5874,-122.074
7932,47.4621,-122.12899999999999
7933,47.6077,-122.194
7934,47.6914,-122.309
7935,47.7419,-122.205
7936,47.5,-122.169
7937,47.5361,-122.051
7938,47.5015,-122.17299999999999
7939,47.6665,-122.287
7940,47.3617,-122.05
7941,47.4938,-122.29799999999999
7942,47.6223,-122.294
7943,47.7048,-122.34
7944,47.7637,-122.281
7945,47.4297,-122.19
7946,47.7095,-122.022
7947,47.4959,-122.241
7948,47.2857,-122.35799999999999
7949,47.4388,-122.14200000000001
7950,47.3691,-122.031
7951,47.5026,-122.236
7952,47.2925,-122.219
7953,47.7755,-122.29899999999999
7954,47.701,-122.306
7955,47.7135,-122.315
7956,47.7695,-122.368
7957,47.5738,-121.992
7958,47.5525,-122.182
7959,47.7182,-122.194
7960,47.6823,-122.20299999999999
7961,47.6343,-122.10600000000001
7962,47.5694,-122.12
7963,47.5632,-122.015
7964,47.5525,-122.274
7965,47.5339,-122.29299999999999
7966,47.3577,-122.085
7967,47.1927,-122.015
7968,47.5767,-122.14399999999999
7969,47.6846,-122.037
7970,47.5545,-122.00200000000001
7971,47.7005,-122.339
7972,47.6294,-122.06200000000001
7973,47.6336,-122.397
7974,47.3574,-122.186
7975,47.6733,-122.37
7976,47.4508,-122.132
7977,47.4966,-122.18700000000001
7978,47.662,-122.329
7979,47.6842,-122.196
7980,47.68600000000001,-122.29700000000001
7981,47.53100000000001,-122.35799999999999
7982,47.5348,-122.243
7983,47.6141,-122.111
7984,47.6156,-122.29700000000001
7985,47.5424,-122.321
7986,47.696999999999996,-122.34899999999999
7987,47.3349,-122.059
7988,47.3382,-122.257
7989,47.5135,-122.38
7990,47.4724,-122.271
7991,47.4205,-122.316
7992,47.4521,-122.196
7993,47.5103,-122.382
7994,47.7562,-122.277
7995,47.6968,-122.124
7996,47.669,-122.17200000000001
7997,47.4479,-122.12
7998,47.6549,-122.089
7999,47.5986,-122.29799999999999
8000,47.4349,-122.32799999999999
8001,47.5047,-122.14399999999999
8002,47.5524,-122.26700000000001
8003,47.5121,-122.16799999999999
8004,47.566,-122.14
8005,47.566,-122.14
8006,47.5233,-122.28399999999999
8007,47.74100000000001,-122.256
8008,47.6839,-122.195
8009,47.3444,-122.084
8010,47.4397,-122.46
8011,47.7754,-122.296
8012,47.302,-122.37299999999999
8013,47.5491,-122.375
8014,47.466,-122.147
8015,47.3869,-122.03299999999999
8016,47.7617,-122.215
8017,47.7682,-122.28399999999999
8018,47.7639,-122.33200000000001
8019,47.5495,-122.35700000000001
8020,47.6842,-122.359
8021,47.595,-122.17299999999999
8022,47.4958,-122.265
8023,47.5581,-122.385
8024,47.7246,-122.3
8025,47.6902,-122.382
8026,47.3072,-122.363
8027,47.4478,-122.12799999999999
8028,47.3502,-122.022
8029,47.5518,-122.277
8030,47.6627,-122.355
8031,47.7388,-122.339
8032,47.6001,-122.29799999999999
8033,47.7613,-122.322
8034,47.6452,-122.31700000000001
8035,47.617,-122.286
8036,47.7666,-122.265
8037,47.4326,-122.155
8038,47.7353,-122.17200000000001
8039,47.3355,-122.331
8040,47.6308,-122.279
8041,47.4089,-122.149
8042,47.5571,-122.193
8043,47.5407,-121.89
8044,47.4815,-122.15299999999999
8045,47.5686,-122.315
8046,47.7001,-122.238
8047,47.3822,-122.32
8048,47.6693,-122.176
8049,47.4199,-122.03399999999999
8050,47.3651,-122.165
8051,47.5072,-122.25200000000001
8052,47.5566,-122.162
8053,47.6675,-122.176
8054,47.5803,-122.398
8055,47.3265,-122.335
8056,47.3351,-122.28200000000001
8057,47.6773,-122.382
8058,47.3185,-122.391
8059,47.7025,-122.196
8060,47.6415,-122.37299999999999
8061,47.6253,-122.28399999999999
8062,47.5257,-122.26299999999999
8063,47.7468,-122.11200000000001
8064,47.6516,-122.375
8065,47.7517,-122.32600000000001
8066,47.2078,-122.00299999999999
8067,47.312,-122.12899999999999
8068,47.3934,-122.184
8069,47.5331,-122.365
8070,47.7572,-122.022
8071,47.7565,-122.361
8072,47.6301,-121.911
8073,47.3594,-122.056
8074,47.354,-122.315
8075,47.5836,-122.046
8076,47.6929,-121.868
8077,47.6074,-122.195
8078,47.732,-122.178
8079,47.5834,-122.29299999999999
8080,47.5104,-122.34200000000001
8081,47.3001,-122.368
8082,47.7348,-122.302
8083,47.617,-122.309
8084,47.7648,-122.31
8085,47.556999999999995,-122.21
8086,47.6727,-122.17399999999999
8087,47.4594,-121.986
8088,47.67,-122.31700000000001
8089,47.678999999999995,-122.315
8090,47.7322,-122.035
8091,47.7133,-122.361
8092,47.4224,-122.15899999999999
8093,47.5073,-122.37200000000001
8094,47.5094,-122.26299999999999
8095,47.4267,-122.148
8096,47.5324,-122.275
8097,47.7623,-122.2
8098,47.5919,-122.29700000000001
8099,47.6893,-122.325
8100,47.5456,-122.35600000000001
8101,47.5629,-122.32
8102,47.5533,-122.304
8103,47.4909,-122.14399999999999
8104,47.4614,-121.709
8105,47.7456,-121.984
8106,47.6384,-122.4
8107,47.3543,-122.012
8108,47.5848,-122.302
8109,47.6823,-122.365
8110,47.5536,-122.286
8111,47.4564,-122.352
8112,47.4621,-122.461
8113,47.5259,-122.279
8114,47.3788,-122.22399999999999
8115,47.4575,-122.119
8116,47.3175,-122.182
8117,47.5663,-122.289
8118,47.4046,-122.181
8119,47.4046,-122.181
8120,47.3099,-122.36200000000001
8121,47.717,-122.226
8122,47.2137,-121.98899999999999
8123,47.7619,-122.34299999999999
8124,47.5654,-121.89
8125,47.708999999999996,-122.214
8126,47.5253,-121.82600000000001
8127,47.6893,-122.354
8128,47.5038,-122.36399999999999
8129,47.553999999999995,-122.15100000000001
8130,47.4685,-122.265
8131,47.5164,-121.87799999999999
8132,47.6945,-122.292
8133,47.4484,-122.339
8134,47.5475,-121.999
8135,47.731,-122.07799999999999
8136,47.7635,-122.37700000000001
8137,47.3594,-122.054
8138,47.5169,-121.87799999999999
8139,47.6124,-122.06
8140,47.5732,-122.413
8141,47.5914,-122.385
8142,47.772,-122.323
8143,47.6773,-122.11
8144,47.5655,-122.27
8145,47.6626,-122.26899999999999
8146,47.2916,-122.185
8147,47.3364,-122.12799999999999
8148,47.5641,-122.149
8149,47.3276,-122.389
8150,47.4238,-122.197
8151,47.3041,-122.066
8152,47.5822,-122.07700000000001
8153,47.3892,-122.215
8154,47.4735,-121.786
8155,47.6755,-122.37
8156,47.5686,-122.06
8157,47.299,-122.228
8158,47.6746,-122.315
8159,47.3328,-122.17299999999999
8160,47.7426,-122.354
8161,47.483000000000004,-122.163
8162,47.5627,-122.221
8163,47.7484,-122.23700000000001
8164,47.5033,-122.331
8165,47.5817,-122.241
8166,47.4051,-122.184
8167,47.5888,-122.39200000000001
8168,47.4239,-122.15299999999999
8169,47.5413,-122.281
8170,47.6746,-122.32700000000001
8171,47.3722,-122.22
8172,47.5222,-122.35700000000001
8173,47.3398,-122.071
8174,47.7083,-122.35700000000001
8175,47.5099,-122.262
8176,47.7027,-122.289
8177,47.6607,-122.333
8178,47.2621,-122.30799999999999
8179,47.5015,-122.10799999999999
8180,47.5442,-122.396
8181,47.4971,-122.16799999999999
8182,47.1944,-122.01299999999999
8183,47.5259,-122.37899999999999
8184,47.5722,-122.236
8185,47.4563,-122.184
8186,47.5102,-122.324
8187,47.5118,-122.37700000000001
8188,47.7064,-121.98100000000001
8189,47.6735,-122.405
8190,47.5763,-122.22200000000001
8191,47.61600000000001,-122.115
8192,47.7041,-122.288
8193,47.4502,-122.277
8194,47.3992,-122.163
8195,47.3134,-122.35
8196,47.4531,-122.344
8197,47.3764,-122.117
8198,47.5243,-122.35799999999999
8199,47.3755,-122.27799999999999
8200,47.7148,-122.301
8201,47.3401,-121.946
8202,47.596000000000004,-122.08
8203,47.4167,-122.322
8204,47.4979,-122.18299999999999
8205,47.3836,-122.006
8206,47.4837,-122.236
8207,47.4567,-122.171
8208,47.606,-122.307
8209,47.4725,-122.13600000000001
8210,47.3522,-122.042
8211,47.6954,-122.17399999999999
8212,47.7108,-122.279
8213,47.515,-122.359
8214,47.4811,-122.179
8215,47.6187,-122.28399999999999
8216,47.6225,-122.10700000000001
8217,47.5193,-122.257
8218,47.684,-122.38799999999999
8219,47.7256,-121.97
8220,47.6341,-122.044
8221,47.5528,-122.272
8222,47.6879,-122.29799999999999
8223,47.6099,-122.29299999999999
8224,47.726000000000006,-122.316
8225,47.6798,-122.206
8226,47.6796,-122.115
8227,47.5518,-122.184
8228,47.675,-122.331
8229,47.7538,-122.31200000000001
8230,47.5328,-122.37899999999999
8231,47.5373,-122.395
8232,47.7529,-122.324
8233,47.5915,-122.132
8234,47.6304,-122.234
8235,47.636,-122.09700000000001
8236,47.5993,-121.977
8237,47.6226,-122.205
8238,47.7142,-122.319
8239,47.5773,-122.40899999999999
8240,47.3543,-122.022
8241,47.3096,-122.241
8242,47.3073,-122.006
8243,47.6623,-122.141
8244,47.2795,-122.353
8245,47.5297,-122.34899999999999
8246,47.5201,-122.37200000000001
8247,47.5682,-122.274
8248,47.7598,-122.146
8249,47.5642,-122.37799999999999
8250,47.6995,-122.383
8251,47.5566,-122.219
8252,47.3509,-122.165
8253,47.6716,-122.279
8254,47.7425,-122.241
8255,47.4697,-122.34899999999999
8256,47.5418,-122.275
8257,47.7341,-121.976
8258,47.6261,-122.324
8259,47.3244,-122.21700000000001
8260,47.4709,-122.26
8261,47.7655,-122.336
8262,47.3696,-122.17
8263,47.5491,-122.046
8264,47.5573,-122.289
8265,47.6915,-122.345
8266,47.6786,-122.37100000000001
8267,47.4987,-122.34100000000001
8268,47.4987,-122.34100000000001
8269,47.5403,-122.391
8270,47.3338,-122.51100000000001
8271,47.5619,-122.18299999999999
8272,47.5508,-122.355
8273,47.3209,-122.185
8274,47.6161,-122.021
8275,47.5918,-122.295
8276,47.7224,-122.291
8277,47.5219,-122.361
8278,47.6964,-122.365
8279,47.708,-122.337
8280,47.6981,-122.34
8281,47.6172,-122.29799999999999
8282,47.7262,-122.316
8283,47.691,-122.176
8284,47.2843,-122.35700000000001
8285,47.7112,-122.09899999999999
8286,47.7631,-122.09299999999999
8287,47.5174,-122.046
8288,47.2656,-122.21700000000001
8289,47.4298,-122.29
8290,47.4575,-121.70700000000001
8291,47.6626,-122.141
8292,47.5368,-122.265
8293,47.3537,-122.303
8294,47.5004,-122.162
8295,47.4831,-122.18299999999999
8296,47.7339,-122.18299999999999
8297,47.3904,-122.164
8298,47.4065,-122.20700000000001
8299,47.7268,-122.105
8300,47.65600000000001,-121.913
8301,47.3337,-122.26
8302,47.7413,-122.259
8303,47.4749,-122.213
8304,47.7556,-122.35600000000001
8305,47.5298,-122.271
8306,47.5075,-122.37799999999999
8307,47.7372,-122.223
8308,47.6754,-122.294
8309,47.6218,-122.152
8310,47.3575,-122.016
8311,47.7587,-122.14399999999999
8312,47.653999999999996,-121.94
8313,47.559,-122.13600000000001
8314,47.637,-122.32700000000001
8315,47.5329,-122.271
8316,47.56399999999999,-122.398
8317,47.5179,-122.264
8318,47.5953,-122.294
8319,47.5274,-122.384
8320,47.6086,-122.059
8321,47.5581,-122.156
8322,47.6417,-122.411
8323,47.7505,-122.31200000000001
8324,47.381,-122.29899999999999
8325,47.5292,-122.26899999999999
8326,47.6495,-122.164
8327,47.7284,-122.336
8328,47.2621,-122.221
8329,47.6334,-122.12
8330,47.6542,-122.37299999999999
8331,47.6525,-122.087
8332,47.6909,-122.104
8333,47.5611,-122.28
8334,47.5611,-122.28
8335,47.6874,-122.16799999999999
8336,47.5394,-122.368
8337,47.3391,-122.325
8338,47.6476,-122.32
8339,47.5873,-122.29899999999999
8340,47.6442,-122.37200000000001
8341,47.3715,-122.285
8342,47.6803,-122.291
8343,47.5313,-122.351
8344,47.6883,-122.111
8345,47.5705,-122.384
8346,47.6974,-122.369
8347,47.5721,-122.309
8348,47.5211,-122.33
8349,47.7294,-122.35799999999999
8350,47.3161,-122.382
8351,47.6772,-122.369
8352,47.5261,-122.376
8353,47.7254,-122.227
8354,47.6952,-122.18700000000001
8355,47.4358,-122.085
8356,47.6889,-122.18700000000001
8357,47.6988,-122.316
8358,47.4871,-122.281
8359,47.2025,-121.999
8360,47.3382,-122.196
8361,47.7162,-122.324
8362,47.7703,-122.165
8363,47.5031,-122.348
8364,47.7156,-122.31700000000001
8365,47.7308,-122.34
8366,47.5299,-122.387
8367,47.6039,-122.307
8368,47.6718,-122.256
8369,47.3484,-122.037
8370,47.6978,-122.314
8371,47.7285,-122.11200000000001
8372,47.6025,-122.286
8373,47.2649,-122.292
8374,47.4991,-121.774
8375,47.3191,-122.213
8376,47.6647,-122.177
8377,47.6534,-122.346
8378,47.5873,-122.29899999999999
8379,47.5169,-122.255
8380,47.6169,-122.212
8381,47.5875,-122.134
8382,47.5016,-122.348
8383,47.674,-122.37700000000001
8384,47.6018,-122.021
8385,47.5771,-121.994
8386,47.5271,-122.384
8387,47.5997,-121.973
8388,47.5365,-122.37799999999999
8389,47.5926,-122.04700000000001
8390,47.7206,-122.11
8391,47.7108,-122.031
8392,47.6736,-122.39
8393,47.5165,-122.26799999999999
8394,47.3537,-122.274
8395,47.3304,-122.277
8396,47.5071,-122.255
8397,47.7326,-122.34299999999999
8398,47.6381,-122.166
8399,47.5282,-122.391
8400,47.6005,-122.12899999999999
8401,47.6711,-122.012
8402,47.5663,-122.163
8403,47.6069,-122.11200000000001
8404,47.4434,-122.34700000000001
8405,47.7026,-122.29
8406,47.6339,-122.396
8407,47.3857,-122.079
8408,47.5547,-122.154
8409,47.3858,-122.227
8410,47.7697,-122.274
8411,47.5479,-122.212
8412,47.4918,-122.258
8413,47.589,-122.156
8414,47.506,-122.365
8415,47.5625,-122.28299999999999
8416,47.4034,-122.18700000000001
8417,47.7376,-122.102
8418,47.7348,-122.34
8419,47.651,-122.369
8420,47.5266,-122.37899999999999
8421,47.6982,-122.34899999999999
8422,47.2091,-122.009
8423,47.5656,-122.4
8424,47.7048,-122.34700000000001
8425,47.2931,-122.18799999999999
8426,47.508,-122.337
8427,47.508,-122.337
8428,47.696999999999996,-122.31299999999999
8429,47.7651,-122.291
8430,47.6301,-122.037
8431,47.3641,-122.27799999999999
8432,47.7329,-122.30799999999999
8433,47.7303,-122.287
8434,47.2715,-122.338
8435,47.3175,-122.17
8436,47.6795,-121.991
8437,47.7439,-122.17
8438,47.5814,-122.081
8439,47.6305,-122.03399999999999
8440,47.5102,-122.18
8441,47.5718,-121.999
8442,47.4436,-122.339
8443,47.3351,-122.36200000000001
8444,47.5773,-122.056
8445,47.5374,-122.27
8446,47.566,-122.37
8447,47.3814,-122.024
8448,47.7201,-122.35
8449,47.5164,-122.189
8450,47.7518,-122.279
8451,47.6515,-122.4
8452,47.6707,-122.17399999999999
8453,47.2872,-122.212
8454,47.5287,-122.281
8455,47.4625,-122.345
8456,47.7278,-121.963
8457,47.7311,-122.199
8458,47.7402,-122.323
8459,47.302,-122.12299999999999
8460,47.4901,-122.303
8461,47.4927,-122.169
8462,47.3743,-122.421
8463,47.5573,-122.13600000000001
8464,47.6693,-122.26700000000001
8465,47.6985,-122.34899999999999
8466,47.5072,-122.336
8467,47.5519,-122.10600000000001
8468,47.5952,-122.051
8469,47.7417,-122.09299999999999
8470,47.5382,-122.23
8471,47.4034,-122.167
8472,47.7174,-122.336
8473,47.3411,-122.219
8474,47.4654,-122.194
8475,47.6857,-122.376
8476,47.5031,-122.152
8477,47.4852,-122.162
8478,47.5848,-121.969
8479,47.4768,-122.177
8480,47.6745,-122.287
8481,47.4923,-122.165
8482,47.6293,-122.12100000000001
8483,47.7331,-122.29899999999999
8484,47.3365,-122.051
8485,47.7557,-122.32799999999999
8486,47.5208,-122.37200000000001
8487,47.5705,-122.225
8488,47.5366,-122.359
8489,47.4952,-122.178
8490,47.3924,-122.19200000000001
8491,47.4537,-122.211
8492,47.7596,-122.275
8493,47.5271,-122.375
8494,47.5008,-122.333
8495,47.5734,-122.375
8496,47.6774,-122.164
8497,47.6774,-122.164
8498,47.7376,-122.242
8499,47.5303,-122.288
8500,47.53,-122.17200000000001
8501,47.4818,-122.23100000000001
8502,47.3304,-122.179
8503,47.6575,-122.402
8504,47.3165,-122.382
8505,47.6343,-121.969
8506,47.5271,-122.274
8507,47.6029,-122.147
8508,47.3375,-122.291
8509,47.6131,-122.12299999999999
8510,47.7497,-122.31299999999999
8511,47.6883,-122.395
8512,47.6141,-122.116
8513,47.5503,-122.28299999999999
8514,47.7035,-121.89399999999999
8515,47.26600000000001,-122.307
8516,47.7206,-122.197
8517,47.5518,-122.279
8518,47.5882,-122.29
8519,47.7623,-122.256
8520,47.2666,-122.25399999999999
8521,47.2077,-121.993
8522,47.7767,-122.23899999999999
8523,47.7019,-122.311
8524,47.7019,-122.311
8525,47.6246,-122.199
8526,47.437,-122.20700000000001
8527,47.6264,-122.36399999999999
8528,47.7647,-122.01899999999999
8529,47.6123,-122.007
8530,47.6477,-122.21600000000001
8531,47.6182,-122.215
8532,47.7489,-122.12299999999999
8533,47.4683,-122.348
8534,47.6289,-122.119
8535,47.4299,-121.99799999999999
8536,47.6233,-122.319
8537,47.5923,-122.301
8538,47.5705,-122.398
8539,47.3287,-122.167
8540,47.7163,-122.333
8541,47.4768,-122.155
8542,47.7125,-121.916
8543,47.7652,-122.31
8544,47.4935,-122.316
8545,47.4939,-122.29700000000001
8546,47.5732,-122.305
8547,47.5655,-122.11399999999999
8548,47.7522,-122.338
8549,47.4453,-121.98
8550,47.5329,-122.17299999999999
8551,47.7373,-121.96600000000001
8552,47.2021,-121.99600000000001
8553,47.6859,-122.37
8554,47.3344,-122.17399999999999
8555,47.4653,-122.176
8556,47.7341,-122.2
8557,47.4005,-122.31200000000001
8558,47.3511,-122.169
8559,47.6142,-122.065
8560,47.6684,-122.323
8561,47.3677,-122.07799999999999
8562,47.6886,-122.38799999999999
8563,47.4839,-122.302
8564,47.3534,-121.992
8565,47.4202,-122.204
8566,47.6454,-121.902
8567,47.7572,-122.147
8568,47.6774,-122.28399999999999
8569,47.333999999999996,-122.33200000000001
8570,47.5623,-122.175
8571,47.347,-122.087
8572,47.7717,-122.27
8573,47.4996,-122.146
8574,47.6092,-122.146
8575,47.5767,-122.40799999999999
8576,47.5067,-122.16
8577,47.7074,-122.24600000000001
8578,47.3986,-122.163
8579,47.6456,-122.17299999999999
8580,47.7704,-122.38600000000001
8581,47.5691,-122.292
8582,47.738,-122.221
8583,47.6843,-122.016
8584,47.6077,-122.15799999999999
8585,47.3818,-122.165
8586,47.5033,-122.359
8587,47.7162,-122.29299999999999
8588,47.5661,-121.887
8589,47.398,-121.964
8590,47.7107,-122.289
8591,47.5517,-122.385
8592,47.6088,-122.29299999999999
8593,47.7525,-122.205
8594,47.3231,-122.103
8595,47.536,-121.87700000000001
8596,47.6295,-122.042
8597,47.3752,-122.11
8598,47.6723,-122.169
8599,47.4371,-122.166
8600,47.6992,-122.309
8601,47.6837,-122.28399999999999
8602,47.4022,-122.464
8603,47.5341,-122.279
8604,47.7354,-121.97399999999999
8605,47.6978,-122.316
8606,47.637,-122.34100000000001
8607,47.4133,-122.006
8608,47.456,-122.292
8609,47.7058,-122.27799999999999
8610,47.4756,-122.09
8611,47.746,-122.294
8612,47.6969,-122.31
8613,47.506,-122.335
8614,47.5077,-122.35700000000001
8615,47.2077,-122.016
8616,47.707,-122.102
8617,47.542,-122.184
8618,47.5834,-122.29
8619,47.4992,-122.06
8620,47.7121,-122.33200000000001
8621,47.473,-122.149
8622,47.473,-122.149
8623,47.6871,-122.334
8624,47.508,-122.37799999999999
8625,47.5017,-122.37700000000001
8626,47.5614,-122.08200000000001
8627,47.49,-122.22
8628,47.6009,-122.15799999999999
8629,47.6208,-122.219
8630,47.7588,-122.36
8631,47.3683,-122.087
8632,47.5003,-122.306
8633,47.7013,-122.37299999999999
8634,47.4402,-122.333
8635,47.5736,-122.212
8636,47.3795,-122.022
8637,47.6999,-122.391
8638,47.5525,-122.098
8639,47.6411,-122.065
8640,47.6655,-122.37100000000001
8641,47.6052,-122.044
8642,47.4043,-122.20200000000001
8643,47.4143,-122.206
8644,47.4947,-122.238
8645,47.5093,-122.387
8646,47.7657,-122.02799999999999
8647,47.6405,-122.324
8648,47.4997,-122.32600000000001
8649,47.519,-122.352
8650,47.7689,-122.241
8651,47.3365,-122.319
8652,47.5095,-122.31299999999999
8653,47.3003,-122.27
8654,47.7319,-122.204
8655,47.6991,-121.947
8656,47.662,-122.34899999999999
8657,47.6772,-122.296
8658,47.5479,-121.99799999999999
8659,47.5131,-122.334
8660,47.4137,-122.439
8661,47.2016,-122.006
8662,47.7754,-122.291
8663,47.5659,-122.141
8664,47.666000000000004,-122.20100000000001
8665,47.5357,-122.368
8666,47.448,-122.28
8667,47.4996,-121.77799999999999
8668,47.68,-122.304
8669,47.723,-122.162
8670,47.6747,-122.191
8671,47.5433,-122.384
8672,47.7527,-122.306
8673,47.4511,-121.976
8674,47.5464,-121.999
8675,47.7432,-122.07600000000001
8676,47.3124,-122.345
8677,47.3093,-122.345
8678,47.6474,-122.402
8679,47.6883,-122.3
8680,47.6495,-122.042
8681,47.3515,-121.999
8682,47.7599,-122.214
8683,47.5462,-122.265
8684,47.6567,-122.399
8685,47.4434,-122.34299999999999
8686,47.3533,-122.027
8687,47.5294,-122.285
8688,47.7047,-122.12799999999999
8689,47.6857,-122.348
8690,47.6727,-122.396
8691,47.184,-121.959
8692,47.3659,-122.113
8693,47.4538,-122.288
8694,47.3769,-122.234
8695,47.583999999999996,-122.195
8696,47.6725,-122.32700000000001
8697,47.735,-122.17399999999999
8698,47.2725,-121.929
8699,47.6742,-122.396
8700,47.6408,-122.05799999999999
8701,47.6721,-122.395
8702,47.4317,-122.32799999999999
8703,47.4045,-122.208
8704,47.6848,-122.38600000000001
8705,47.7444,-122.294
8706,47.701,-122.305
8707,47.625,-122.3
8708,47.5445,-122.321
8709,47.7623,-122.161
8710,47.7351,-122.199
8711,47.2848,-122.345
8712,47.7256,-122.361
8713,47.5514,-122.26799999999999
8714,47.1967,-121.99799999999999
8715,47.7188,-122.185
8716,47.5292,-122.323
8717,47.7248,-122.365
8718,47.7194,-122.199
8719,47.5825,-122.189
8720,47.6921,-122.38600000000001
8721,47.3117,-122.083
8722,47.5598,-122.266
8723,47.6746,-122.32600000000001
8724,47.5849,-122.384
8725,47.6477,-122.197
8726,47.6572,-122.333
8727,47.5431,-121.88600000000001
8728,47.295,-122.275
8729,47.3058,-122.348
8730,47.4365,-122.10600000000001
8731,47.6387,-122.17399999999999
8732,47.5535,-122.115
8733,47.6225,-122.038
8734,47.5583,-122.38
8735,47.5862,-122.387
8736,47.4128,-122.323
8737,47.3913,-122.191
8738,47.7474,-122.32700000000001
8739,47.7579,-122.33
8740,47.3895,-122.221
8741,47.776,-122.169
8742,47.6706,-122.381
8743,47.5261,-122.266
8744,47.5317,-121.834
8745,47.6746,-122.01799999999999
8746,47.5322,-122.03299999999999
8747,47.7182,-122.03399999999999
8748,47.556000000000004,-122.363
8749,47.6007,-121.97399999999999
8750,47.7362,-122.333
8751,47.7096,-122.219
8752,47.3715,-122.29
8753,47.6741,-122.375
8754,47.7672,-122.292
8755,47.5373,-122.07
8756,47.2492,-121.975
8757,47.6191,-122.301
8758,47.4971,-122.24
8759,47.6801,-122.354
8760,47.5558,-122.31
8761,47.4419,-122.27
8762,47.5728,-122.125
8763,47.5644,-122.15299999999999
8764,47.3796,-122.102
8765,47.6371,-122.094
8766,47.6372,-122.39200000000001
8767,47.5715,-122.124
8768,47.4865,-122.14200000000001
8769,47.4962,-122.34899999999999
8770,47.5122,-122.186
8771,47.6696,-122.26700000000001
8772,47.3497,-122.044
8773,47.5657,-122.149
8774,47.7615,-122.041
8775,47.5466,-122.197
8776,47.6951,-122.319
8777,47.5225,-122.351
8778,47.5451,-122.28399999999999
8779,47.4571,-122.272
8780,47.4852,-122.34299999999999
8781,47.7686,-122.348
8782,47.3716,-122.321
8783,47.6406,-122.412
8784,47.5771,-122.391
8785,47.6138,-122.29899999999999
8786,47.7698,-121.896
8787,47.4861,-121.804
8788,47.5731,-122.212
8789,47.4824,-122.274
8790,47.5932,-122.15899999999999
8791,47.6992,-122.36399999999999
8792,47.5686,-122.39200000000001
8793,47.5351,-122.17399999999999
8794,47.53,-122.38799999999999
8795,47.6155,-122.29
8796,47.2874,-122.28299999999999
8797,47.534,-122.36399999999999
8798,47.5188,-122.15100000000001
8799,47.5627,-122.156
8800,47.4783,-122.265
8801,47.6587,-122.344
8802,47.6534,-122.415
8803,47.5973,-122.177
8804,47.6691,-122.29899999999999
8805,47.5677,-122.285
8806,47.4544,-122.35700000000001
8807,47.5667,-122.155
8808,47.6316,-122.12100000000001
8809,47.5516,-122.26299999999999
8810,47.6242,-122.306
8811,47.4931,-122.29799999999999
8812,47.758,-122.071
8813,47.5274,-122.37899999999999
8814,47.5501,-122.39299999999999
8815,47.7387,-122.21700000000001
8816,47.6939,-122.126
8817,47.345,-122.296
8818,47.3357,-122.351
8819,47.7603,-122.215
8820,47.7678,-122.25399999999999
8821,47.3036,-122.34
8822,47.6857,-122.208
8823,47.7239,-122.17299999999999
8824,47.367,-122.181
8825,47.4529,-122.20700000000001
8826,47.711999999999996,-122.281
8827,47.5697,-122.4
8828,47.5071,-122.16
8829,47.5364,-122.23899999999999
8830,47.3687,-122.126
8831,47.5033,-122.37200000000001
8832,47.5538,-122.176
8833,47.5893,-122.01899999999999
8834,47.7055,-122.34200000000001
8835,47.744,-122.194
8836,47.4894,-122.18799999999999
8837,47.7225,-122.179
8838,47.6689,-122.367
8839,47.644,-122.385
8840,47.3097,-122.09899999999999
8841,47.6286,-122.053
8842,47.673,-122.03
8843,47.3037,-122.375
8844,47.5688,-122.014
8845,47.6313,-122.045
8846,47.6527,-121.949
8847,47.3766,-122.027
8848,47.7606,-122.32
8849,47.3124,-122.00299999999999
8850,47.4739,-122.11399999999999
8851,47.6832,-122.164
8852,47.698,-122.34
8853,47.5453,-122.234
8854,47.7511,-122.111
8855,47.2672,-122.31299999999999
8856,47.3833,-122.1
8857,47.306000000000004,-122.37
8858,47.52,-122.374
8859,47.5476,-122.005
8860,47.638999999999996,-122.219
8861,47.5372,-122.26899999999999
8862,47.464,-122.18
8863,47.4129,-122.08
8864,47.5553,-122.288
8865,47.6585,-122.363
8866,47.4222,-122.443
8867,47.4886,-122.245
8868,47.5686,-122.37799999999999
8869,47.2702,-122.29
8870,47.3987,-122.3
8871,47.6674,-122.35799999999999
8872,47.3588,-122.088
8873,47.3864,-122.03
8874,47.4361,-122.189
8875,47.5387,-122.37100000000001
8876,47.505,-122.316
8877,47.6006,-122.15299999999999
8878,47.66,-122.28200000000001
8879,47.7358,-122.175
8880,47.2123,-122.005
8881,47.5293,-122.351
8882,47.2633,-122.281
8883,47.6845,-122.20100000000001
8884,47.556999999999995,-122.163
8885,47.4162,-122.329
8886,47.6426,-122.38799999999999
8887,47.5866,-122.25
8888,47.7485,-122.3
8889,47.573,-122.31200000000001
8890,47.5716,-122.12799999999999
8891,47.6872,-122.344
8892,47.4444,-122.182
8893,47.5053,-122.242
8894,47.745,-122.22399999999999
8895,47.6845,-122.31299999999999
8896,47.6845,-122.31299999999999
8897,47.6574,-122.27799999999999
8898,47.3085,-122.35799999999999
8899,47.5605,-122.225
8900,47.6641,-122.29299999999999
8901,47.6342,-122.289
8902,47.5929,-122.306
8903,47.4655,-122.03299999999999
8904,47.7712,-122.39200000000001
8905,47.4045,-122.197
8906,47.6841,-122.29299999999999
8907,47.6841,-122.29299999999999
8908,47.7668,-122.197
8909,47.4483,-121.773
8910,47.2309,-122.009
8911,47.3314,-122.29
8912,47.7153,-122.28399999999999
8913,47.2873,-122.28299999999999
8914,47.333,-122.345
8915,47.3013,-122.109
8916,47.5327,-122.34700000000001
8917,47.4799,-122.18
8918,47.776,-122.24600000000001
8919,47.6534,-122.182
8920,47.6139,-122.061
8921,47.3746,-122.056
8922,47.7251,-122.175
8923,47.3622,-122.074
8924,47.4184,-122.18
8925,47.7013,-122.368
8926,47.6973,-122.29700000000001
8927,47.3841,-122.042
8928,47.5114,-122.318
8929,47.3658,-122.31700000000001
8930,47.7745,-122.088
8931,47.7145,-122.23100000000001
8932,47.5941,-122.029
8933,47.379,-122.03200000000001
8934,47.553999999999995,-122.16
8935,47.551,-122.289
8936,47.6567,-121.90899999999999
8937,47.3648,-122.185
8938,47.5521,-121.99799999999999
8939,47.4034,-122.18799999999999
8940,47.2093,-122.005
8941,47.5719,-122.021
8942,47.6872,-122.351
8943,47.692,-122.184
8944,47.6915,-122.101
8945,47.5257,-122.382
8946,47.5782,-122.4
8947,47.5258,-122.37700000000001
8948,47.6734,-122.02600000000001
8949,47.6952,-122.275
8950,47.7743,-122.235
8951,47.7318,-122.139
8952,47.3521,-122.009
8953,47.6323,-122.039
8954,47.7391,-122.241
8955,47.5291,-122.35600000000001
8956,47.6844,-122.33200000000001
8957,47.6748,-122.384
8958,47.6864,-122.34100000000001
8959,47.6328,-122.117
8960,47.3414,-122.117
8961,47.7397,-122.242
8962,47.6955,-122.175
8963,47.7365,-122.337
8964,47.4387,-122.11399999999999
8965,47.6184,-122.301
8966,47.5426,-122.135
8967,47.7609,-122.26
8968,47.7754,-122.23299999999999
8969,47.5684,-122.06
8970,47.666000000000004,-122.35799999999999
8971,47.5299,-122.288
8972,47.5861,-122.295
8973,47.5038,-122.266
8974,47.6929,-122.333
8975,47.7526,-122.244
8976,47.6795,-122.354
8977,47.6692,-122.279
8978,47.6514,-122.413
8979,47.6889,-122.34700000000001
8980,47.61,-122.29299999999999
8981,47.6706,-122.15100000000001
8982,47.3683,-122.079
8983,47.5715,-122.02
8984,47.4846,-122.035
8985,47.4192,-122.33
8986,47.4964,-121.771
8987,47.5651,-122.223
8988,47.3389,-122.04799999999999
8989,47.7575,-122.072
8990,47.6074,-122.294
8991,47.6394,-122.321
8992,47.455,-122.182
8993,47.6393,-122.30799999999999
8994,47.635,-122.28399999999999
8995,47.4314,-122.204
8996,47.5937,-122.301
8997,47.7321,-121.964
8998,47.7267,-122.226
8999,47.6342,-122.12
9000,47.3107,-122.189
9001,47.6993,-122.37700000000001
9002,47.5798,-122.292
9003,47.3675,-122.021
9004,47.6078,-122.19200000000001
9005,47.378,-122.03
9006,47.6779,-122.37700000000001
9007,47.7372,-122.307
9008,47.7372,-122.307
9009,47.6301,-122.103
9010,47.6982,-122.36200000000001
9011,47.3762,-122.15799999999999
9012,47.6579,-122.39399999999999
9013,47.4461,-122.209
9014,47.6778,-121.994
9015,47.7311,-122.055
9016,47.76600000000001,-122.044
9017,47.5376,-121.87899999999999
9018,47.3279,-122.006
9019,47.6827,-122.36200000000001
9020,47.3485,-122.301
9021,47.5327,-122.186
9022,47.5592,-122.385
9023,47.5093,-122.345
9024,47.6157,-122.29
9025,47.7717,-122.351
9026,47.5504,-122.146
9027,47.3164,-122.199
9028,47.4653,-122.338
9029,47.7153,-122.363
9030,47.7487,-122.319
9031,47.4927,-122.22399999999999
9032,47.3764,-122.184
9033,47.6704,-122.391
9034,47.7198,-122.171
9035,47.6643,-122.20200000000001
9036,47.7505,-122.375
9037,47.2627,-122.215
9038,47.4315,-122.199
9039,47.6167,-122.137
9040,47.6529,-122.37200000000001
9041,47.6385,-122.344
9042,47.3714,-122.20700000000001
9043,47.5262,-122.14299999999999
9044,47.3954,-122.184
9045,47.7659,-122.204
9046,47.5449,-122.272
9047,47.6065,-122.113
9048,47.4599,-122.27600000000001
9049,47.515,-122.36200000000001
9050,47.313,-122.374
9051,47.6697,-122.281
9052,47.5402,-121.887
9053,47.4199,-121.99
9054,47.4874,-122.223
9055,47.3415,-122.029
9056,47.659,-122.339
9057,47.6504,-122.00399999999999
9058,47.3552,-121.99
9059,47.4039,-122.323
9060,47.6586,-122.395
9061,47.3381,-122.289
9062,47.3092,-122.375
9063,47.7005,-122.17399999999999
9064,47.3449,-122.329
9065,47.3266,-122.13799999999999
9066,47.5477,-121.93
9067,47.5464,-122.116
9068,47.6675,-122.316
9069,47.6229,-122.12100000000001
9070,47.5524,-121.99799999999999
9071,47.7076,-122.346
9072,47.5528,-122.03399999999999
9073,47.7136,-122.031
9074,47.6697,-122.162
9075,47.4902,-122.154
9076,47.3554,-122.324
9077,47.4039,-121.98
9078,47.6814,-122.39200000000001
9079,47.349,-122.166
9080,47.5694,-122.132
9081,47.692,-122.30799999999999
9082,47.6215,-122.29
9083,47.7326,-122.288
9084,47.5257,-122.361
9085,47.4851,-121.71600000000001
9086,47.3406,-122.28399999999999
9087,47.5552,-122.3
9088,47.402,-122.18299999999999
9089,47.7379,-122.24799999999999
9090,47.657,-122.02600000000001
9091,47.7,-122.12899999999999
9092,47.5131,-122.256
9093,47.4608,-122.215
9094,47.5605,-122.402
9095,47.4164,-122.09200000000001
9096,47.7273,-122.351
9097,47.5503,-122.35600000000001
9098,47.5506,-122.18700000000001
9099,47.5322,-122.29
9100,47.6388,-122.35
9101,47.5489,-122.219
9102,47.503,-122.36399999999999
9103,47.7142,-122.277
9104,47.64100000000001,-122.315
9105,47.7351,-122.295
9106,47.7351,-122.295
9107,47.5312,-122.354
9108,47.7262,-122.28200000000001
9109,47.4871,-122.22
9110,47.463,-122.125
9111,47.3762,-122.219
9112,47.3762,-122.219
9113,47.4236,-122.195
9114,47.4465,-121.77
9115,47.6602,-122.13
9116,47.6017,-122.12200000000001
9117,47.632,-122.119
9118,47.5064,-122.35600000000001
9119,47.7073,-122.07
9120,47.5764,-122.287
9121,47.3908,-122.32
9122,47.2893,-122.084
9123,47.4644,-122.066
9124,47.5717,-122.40899999999999
9125,47.3488,-122.304
9126,47.7378,-122.24799999999999
9127,47.4999,-122.223
9128,47.5344,-122.189
9129,47.4013,-122.321
9130,47.5454,-122.383
9131,47.3122,-122.376
9132,47.4809,-122.15299999999999
9133,47.3342,-122.10799999999999
9134,47.7267,-122.241
9135,47.4704,-122.07600000000001
9136,47.5717,-122.382
9137,47.3572,-122.19200000000001
9138,47.6309,-122.09299999999999
9139,47.6471,-122.11399999999999
9140,47.6562,-122.389
9141,47.6858,-122.295
9142,47.3778,-122.001
9143,47.5547,-122.37899999999999
9144,47.7466,-122.241
9145,47.6768,-122.363
9146,47.327,-122.094
9147,47.5563,-122.39299999999999
9148,47.5624,-122.176
9149,47.6885,-122.38600000000001
9150,47.3101,-122.212
9151,47.3838,-122.184
9152,47.7043,-122.19200000000001
9153,47.5717,-122.12
9154,47.4226,-122.32700000000001
9155,47.3056,-122.37
9156,47.5036,-122.36200000000001
9157,47.4562,-122.33
9158,47.3473,-122.302
9159,47.3516,-122.0
9160,47.2074,-122.001
9161,47.3726,-122.025
9162,47.7732,-122.382
9163,47.6258,-122.305
9164,47.2802,-122.316
9165,47.3878,-122.052
9166,47.5287,-122.22
9167,47.6145,-122.28399999999999
9168,47.6934,-122.184
9169,47.7572,-122.318
9170,47.3498,-122.052
9171,47.6899,-122.391
9172,47.5623,-122.03200000000001
9173,47.5323,-122.383
9174,47.4314,-122.189
9175,47.6947,-122.177
9176,47.2915,-122.368
9177,47.5601,-122.037
9178,47.7692,-122.12799999999999
9179,47.4411,-122.186
9180,47.4953,-122.18700000000001
9181,47.6942,-122.319
9182,47.7322,-122.359
9183,47.5243,-122.36
9184,47.6845,-122.209
9185,47.3719,-122.09100000000001
9186,47.5465,-122.398
9187,47.3952,-122.176
9188,47.7296,-122.23299999999999
9189,47.3581,-122.266
9190,47.497,-122.171
9191,47.3784,-122.29
9192,47.1937,-121.99
9193,47.523,-121.875
9194,47.6362,-122.324
9195,47.6389,-122.34899999999999
9196,47.7602,-122.363
9197,47.4928,-122.14200000000001
9198,47.7244,-122.331
9199,47.5557,-122.28
9200,47.5403,-121.889
9201,47.1808,-122.023
9202,47.736999999999995,-122.074
9203,47.7098,-122.333
9204,47.4157,-122.161
9205,47.5085,-122.15
9206,47.5603,-122.15799999999999
9207,47.6458,-121.955
9208,47.3334,-122.323
9209,47.7543,-122.306
9210,47.4993,-122.176
9211,47.6388,-122.167
9212,47.5858,-122.11200000000001
9213,47.3507,-122.16
9214,47.6883,-122.28200000000001
9215,47.6722,-122.167
9216,47.6567,-122.397
9217,47.6278,-122.11
9218,47.6744,-122.301
9219,47.6883,-122.113
9220,47.5622,-122.15299999999999
9221,47.5614,-122.13
9222,47.7639,-122.234
9223,47.7603,-122.074
9224,47.6637,-122.40100000000001
9225,47.3206,-122.26899999999999
9226,47.3206,-122.26899999999999
9227,47.5913,-122.012
9228,47.5264,-122.384
9229,47.4244,-122.15100000000001
9230,47.3608,-121.97
9231,47.6903,-122.33200000000001
9232,47.718,-122.242
9233,47.5833,-122.241
9234,47.7175,-122.03399999999999
9235,47.5963,-122.171
9236,47.62600000000001,-122.11200000000001
9237,47.57,-122.285
9238,47.4594,-122.273
9239,47.4258,-122.021
9240,47.4567,-122.369
9241,47.4845,-122.33
9242,47.5956,-122.17399999999999
9243,47.7134,-122.277
9244,47.6113,-121.95200000000001
9245,47.6305,-122.24
9246,47.53,-121.848
9247,47.5402,-122.069
9248,47.7406,-122.302
9249,47.6922,-122.17399999999999
9250,47.4154,-122.458
9251,47.6366,-122.094
9252,47.5875,-122.177
9253,47.5445,-122.26299999999999
9254,47.7368,-121.96799999999999
9255,47.3187,-122.081
9256,47.5582,-122.139
9257,47.5482,-122.374
9258,47.7283,-122.17
9259,47.6236,-122.306
9260,47.7175,-122.339
9261,47.4826,-122.149
9262,47.7004,-122.229
9263,47.6361,-122.34299999999999
9264,47.2114,-121.986
9265,47.5512,-122.11
9266,47.4145,-122.463
9267,47.4145,-122.463
9268,47.6598,-122.355
9269,47.6598,-122.355
9270,47.6842,-122.39299999999999
9271,47.6842,-122.39299999999999
9272,47.7429,-122.35799999999999
9273,47.6809,-122.286
9274,47.7444,-122.34100000000001
9275,47.3505,-122.027
9276,47.6696,-122.324
9277,47.4824,-122.0
9278,47.5573,-122.39200000000001
9279,47.3792,-122.321
9280,47.6911,-122.34700000000001
9281,47.6226,-122.103
9282,47.3498,-122.05799999999999
9283,47.6374,-122.375
9284,47.4084,-122.213
9285,47.6739,-122.329
9286,47.3264,-122.038
9287,47.6876,-122.34100000000001
9288,47.5897,-122.179
9289,47.3942,-122.515
9290,47.4475,-122.03399999999999
9291,47.4496,-122.083
9292,47.6992,-122.37899999999999
9293,47.5506,-122.385
9294,47.6412,-122.302
9295,47.2943,-122.227
9296,47.7108,-122.071
9297,47.7288,-122.191
9298,47.3043,-122.094
9299,47.6523,-122.412
9300,47.4881,-121.777
9301,47.6762,-122.285
9302,47.3121,-122.323
9303,47.2875,-122.289
9304,47.6371,-122.05799999999999
9305,47.6142,-122.209
9306,47.3044,-122.366
9307,47.3772,-122.045
9308,47.7303,-122.329
9309,47.2993,-122.29299999999999
9310,47.6711,-122.32799999999999
9311,47.5087,-122.25
9312,47.3776,-122.228
9313,47.6071,-122.212
9314,47.6381,-122.22399999999999
9315,47.6769,-122.381
9316,47.6426,-122.18
9317,47.5442,-122.13799999999999
9318,47.2975,-122.37
9319,47.3718,-122.109
9320,47.6153,-122.054
9321,47.663999999999994,-122.402
9322,47.3193,-122.383
9323,47.3828,-122.09
9324,47.5269,-121.92200000000001
9325,47.441,-122.28200000000001
9326,47.7077,-122.29899999999999
9327,47.5702,-121.995
9328,47.2734,-122.24799999999999
9329,47.5297,-122.277
9330,47.5318,-122.374
9331,47.6846,-122.31700000000001
9332,47.5053,-122.186
9333,47.4092,-122.295
9334,47.6948,-122.17200000000001
9335,47.735,-122.306
9336,47.4414,-122.12899999999999
9337,47.5671,-122.37799999999999
9338,47.7154,-122.34100000000001
9339,47.5296,-122.34200000000001
9340,47.2867,-122.27
9341,47.2659,-122.31
9342,47.3268,-122.32799999999999
9343,47.6402,-122.395
9344,47.5296,-122.351
9345,47.5824,-122.29299999999999
9346,47.5201,-122.366
9347,47.5478,-122.381
9348,47.6383,-122.09899999999999
9349,47.4713,-122.355
9350,47.4483,-122.13
9351,47.6762,-122.36
9352,47.6981,-122.34
9353,47.6255,-122.059
9354,47.6825,-122.038
9355,47.7139,-122.288
9356,47.575,-122.38799999999999
9357,47.7669,-122.206
9358,47.488,-122.2
9359,47.5905,-122.245
9360,47.6351,-122.352
9361,47.425,-122.33200000000001
9362,47.3632,-122.087
9363,47.3109,-122.36200000000001
9364,47.5495,-122.31
9365,47.5518,-122.311
9366,47.7666,-122.12799999999999
9367,47.6883,-122.384
9368,47.6719,-122.381
9369,47.6775,-122.165
9370,47.5654,-121.929
9371,47.6569,-122.346
9372,47.6595,-122.147
9373,47.4928,-122.274
9374,47.373999999999995,-122.141
9375,47.5738,-122.31299999999999
9376,47.4936,-122.069
9377,47.607,-122.132
9378,47.6546,-122.337
9379,47.5508,-122.3
9380,47.3831,-122.288
9381,47.663999999999994,-122.041
9382,47.71,-122.286
9383,47.3942,-122.189
9384,47.3942,-122.189
9385,47.6961,-122.316
9386,47.3204,-122.322
9387,47.7717,-122.376
9388,47.4617,-122.346
9389,47.6754,-122.35700000000001
9390,47.7557,-122.036
9391,47.4824,-122.336
9392,47.6755,-122.367
9393,47.6805,-122.04799999999999
9394,47.6358,-122.35600000000001
9395,47.31399999999999,-122.001
9396,47.5272,-122.359
9397,47.7205,-121.93
9398,47.3564,-122.016
9399,47.5471,-122.29799999999999
9400,47.6735,-122.33200000000001
9401,47.3534,-122.012
9402,47.4239,-122.068
9403,47.4501,-122.274
9404,47.7169,-122.331
9405,47.5789,-122.286
9406,47.6849,-122.016
9407,47.7332,-122.23200000000001
9408,47.6191,-122.296
9409,47.6332,-122.118
9410,47.5728,-122.306
9411,47.3155,-122.36399999999999
9412,47.7398,-122.314
9413,47.6451,-122.17299999999999
9414,47.7125,-122.33
9415,47.7327,-122.306
9416,47.6825,-122.37899999999999
9417,47.3326,-122.323
9418,47.4805,-122.15799999999999
9419,47.593999999999994,-122.06200000000001
9420,47.73,-122.31
9421,47.4409,-122.348
9422,47.7598,-122.316
9423,47.5488,-122.094
9424,47.5031,-122.242
9425,47.4862,-121.71799999999999
9426,47.3493,-122.177
9427,47.3732,-122.023
9428,47.7691,-122.29700000000001
9429,47.565,-122.398
9430,47.5276,-122.359
9431,47.5276,-122.359
9432,47.5968,-122.01700000000001
9433,47.3662,-122.175
9434,47.5788,-122.396
9435,47.7278,-122.289
9436,47.4443,-122.509
9437,47.4689,-122.277
9438,47.2597,-122.31
9439,47.3476,-122.3
9440,47.6257,-122.208
9441,47.6821,-122.37799999999999
9442,47.605,-122.304
9443,47.6732,-122.363
9444,47.5974,-122.01700000000001
9445,47.3867,-122.191
9446,47.6433,-122.404
9447,47.4446,-122.104
9448,47.6603,-122.39399999999999
9449,47.6683,-122.03399999999999
9450,47.3181,-122.344
9451,47.4792,-122.277
9452,47.5495,-121.99700000000001
9453,47.4894,-122.135
9454,47.6962,-122.34
9455,47.3261,-122.26
9456,47.3792,-122.04700000000001
9457,47.6313,-122.368
9458,47.688,-122.32
9459,47.3503,-122.005
9460,47.3789,-122.229
9461,47.3102,-122.322
9462,47.6976,-122.375
9463,47.7174,-122.03200000000001
9464,47.6164,-121.95299999999999
9465,47.6645,-122.36
9466,47.3204,-122.36399999999999
9467,47.4239,-122.015
9468,47.73,-122.29700000000001
9469,47.6572,-122.346
9470,47.5328,-122.272
9471,47.6316,-122.119
9472,47.5553,-122.00299999999999
9473,47.3611,-122.29299999999999
9474,47.6573,-122.399
9475,47.6909,-122.395
9476,47.5056,-122.251
9477,47.4899,-122.116
9478,47.5692,-122.19200000000001
9479,47.6202,-122.13799999999999
9480,47.4249,-122.211
9481,47.4249,-122.211
9482,47.651,-122.368
9483,47.7407,-122.3
9484,47.6806,-122.166
9485,47.6769,-122.383
9486,47.7618,-122.162
9487,47.5415,-121.887
9488,47.7539,-122.37
9489,47.6956,-122.022
9490,47.6148,-122.057
9491,47.7626,-122.31200000000001
9492,47.6796,-122.113
9493,47.4922,-121.78299999999999
9494,47.7261,-122.306
9495,47.3576,-122.05799999999999
9496,47.67100000000001,-122.135
9497,47.5008,-122.366
9498,47.5008,-122.366
9499,47.494,-122.184
9500,47.5851,-122.073
9501,47.4422,-122.15100000000001
9502,47.3788,-122.179
9503,47.3293,-122.36399999999999
9504,47.6074,-122.125
9505,47.3742,-122.125
9506,47.5626,-122.149
9507,47.4974,-122.169
9508,47.5388,-122.171
9509,47.7328,-122.34
9510,47.7352,-122.116
9511,47.6812,-122.113
9512,47.6144,-122.295
9513,47.7742,-122.14
9514,47.333999999999996,-122.10600000000001
9515,47.7448,-122.177
9516,47.3615,-122.274
9517,47.7466,-122.334
9518,47.7464,-122.36200000000001
9519,47.7272,-122.105
9520,47.3686,-122.09
9521,47.4885,-121.779
9522,47.5019,-122.15100000000001
9523,47.2866,-122.21700000000001
9524,47.372,-122.102
9525,47.2618,-122.12
9526,47.1963,-121.99700000000001
9527,47.5752,-122.304
9528,47.7754,-122.27600000000001
9529,47.5518,-122.096
9530,47.7132,-122.355
9531,47.6667,-122.32700000000001
9532,47.5628,-122.081
9533,47.6875,-122.35700000000001
9534,47.37300000000001,-122.179
9535,47.3828,-122.302
9536,47.5303,-122.27
9537,47.3215,-122.204
9538,47.7028,-122.385
9539,47.5452,-122.27
9540,47.6901,-122.35799999999999
9541,47.6786,-122.15100000000001
9542,47.7269,-122.325
9543,47.5871,-122.17299999999999
9544,47.5536,-122.228
9545,47.5357,-122.273
9546,47.5926,-122.29299999999999
9547,47.6712,-122.272
9548,47.5247,-122.391
9549,47.3074,-122.385
9550,47.7071,-122.314
9551,47.5351,-122.279
9552,47.5601,-122.37799999999999
9553,47.5521,-122.271
9554,47.448,-122.47200000000001
9555,47.2043,-121.99600000000001
9556,47.7217,-122.03
9557,47.6774,-122.37200000000001
9558,47.3619,-122.285
9559,47.6246,-122.113
9560,47.4137,-122.212
9561,47.4026,-122.03299999999999
9562,47.3167,-122.081
9563,47.7523,-122.311
9564,47.5877,-122.196
9565,47.7244,-122.32600000000001
9566,47.7513,-122.35700000000001
9567,47.5162,-122.26100000000001
9568,47.5556,-122.294
9569,47.6287,-122.3
9570,47.7142,-122.22200000000001
9571,47.2574,-122.31
9572,47.3763,-122.148
9573,47.6751,-122.37200000000001
9574,47.6359,-122.045
9575,47.4319,-122.32799999999999
9576,47.7503,-122.074
9577,47.6157,-122.291
9578,47.5794,-122.025
9579,47.6948,-122.39399999999999
9580,47.5346,-122.291
9581,47.7439,-122.228
9582,47.3337,-122.189
9583,47.5529,-121.99600000000001
9584,47.6366,-122.229
9585,47.3629,-122.09100000000001
9586,47.2917,-122.366
9587,47.6833,-122.4
9588,47.5515,-122.29799999999999
9589,47.51300000000001,-122.354
9590,47.3636,-122.19200000000001
9591,47.5365,-122.368
9592,47.6651,-122.15
9593,47.336999999999996,-122.321
9594,47.7245,-122.095
9595,47.726000000000006,-122.21
9596,47.4949,-122.23899999999999
9597,47.6473,-122.374
9598,47.3487,-122.088
9599,47.6317,-122.31200000000001
9600,47.5018,-122.242
9601,47.693999999999996,-122.34
9602,47.7007,-122.354
9603,47.3121,-122.25299999999999
9604,47.5914,-122.134
9605,47.5308,-122.361
9606,47.5812,-122.00200000000001
9607,47.5605,-122.124
9608,47.4015,-122.176
9609,47.6534,-122.41
9610,47.6892,-122.164
9611,47.5716,-122.139
9612,47.5189,-122.206
9613,47.7355,-122.22399999999999
9614,47.6183,-122.29799999999999
9615,47.5983,-122.149
9616,47.4253,-122.28299999999999
9617,47.4136,-122.20700000000001
9618,47.4363,-122.34200000000001
9619,47.5874,-122.387
9620,47.7765,-122.324
9621,47.2602,-122.219
9622,47.6815,-122.17299999999999
9623,47.7181,-122.338
9624,47.4752,-122.133
9625,47.5539,-122.365
9626,47.2923,-122.36
9627,47.7014,-122.31299999999999
9628,47.6474,-122.396
9629,47.7332,-122.352
9630,47.6686,-122.15299999999999
9631,47.4525,-121.74799999999999
9632,47.326,-122.037
9633,47.7031,-122.22399999999999
9634,47.5602,-122.184
9635,47.3553,-122.196
9636,47.723,-122.337
9637,47.6764,-122.366
9638,47.7508,-122.23899999999999
9639,47.35,-122.04299999999999
9640,47.675,-122.37899999999999
9641,47.7243,-122.161
9642,47.4507,-122.152
9643,47.4908,-122.059
9644,47.4403,-122.137
9645,47.7506,-122.12200000000001
9646,47.7447,-121.976
9647,47.6159,-122.211
9648,47.4557,-122.26899999999999
9649,47.6582,-122.28
9650,47.5835,-122.31299999999999
9651,47.6272,-122.02600000000001
9652,47.2654,-122.21600000000001
9653,47.5399,-122.385
9654,47.3541,-122.45299999999999
9655,47.7209,-122.12799999999999
9656,47.3638,-122.088
9657,47.6317,-122.304
9658,47.7213,-122.055
9659,47.6156,-122.10799999999999
9660,47.3982,-122.17200000000001
9661,47.63800000000001,-122.206
9662,47.6335,-122.15100000000001
9663,47.4227,-122.33200000000001
9664,47.512,-122.175
9665,47.6951,-122.367
9666,47.5057,-122.149
9667,47.4877,-122.24
9668,47.6431,-122.113
9669,47.661,-122.344
9670,47.6393,-122.40799999999999
9671,47.3883,-122.035
9672,47.4501,-122.12200000000001
9673,47.7293,-122.29
9674,47.683,-122.374
9675,47.5844,-122.081
9676,47.4806,-122.176
9677,47.4351,-122.17299999999999
9678,47.34,-122.271
9679,47.5971,-122.031
9680,47.6952,-122.32600000000001
9681,47.341,-122.309
9682,47.5978,-122.01700000000001
9683,47.4683,-122.351
9684,47.6373,-122.104
9685,47.6354,-122.234
9686,47.5969,-122.206
9687,47.3029,-122.069
9688,47.2956,-122.285
9689,47.7195,-122.288
9690,47.6029,-122.309
9691,47.763999999999996,-122.36
9692,47.4166,-122.323
9693,47.7225,-122.34899999999999
9694,47.7365,-122.339
9695,47.5188,-122.37299999999999
9696,47.701,-122.111
9697,47.7284,-122.339
9698,47.2769,-122.145
9699,47.4451,-122.126
9700,47.4498,-122.12
9701,47.5978,-122.292
9702,47.2911,-122.34200000000001
9703,47.2907,-122.367
9704,47.6569,-122.286
9705,47.676,-121.882
9706,47.7739,-122.199
9707,47.6806,-122.287
9708,47.5569,-122.39399999999999
9709,47.665,-122.08200000000001
9710,47.6849,-122.117
9711,47.7037,-122.296
9712,47.7037,-122.296
9713,47.5961,-121.98
9714,47.4911,-122.125
9715,47.5751,-122.014
9716,47.7628,-122.094
9717,47.2642,-122.213
9718,47.4881,-122.23700000000001
9719,47.3262,-122.334
9720,47.5393,-122.21600000000001
9721,47.5051,-122.242
9722,47.4121,-122.17200000000001
9723,47.6981,-122.34899999999999
9724,47.5131,-122.383
9725,47.5311,-122.384
9726,47.4728,-122.191
9727,47.5024,-122.33200000000001
9728,47.6508,-122.20299999999999
9729,47.5752,-122.381
9730,47.5764,-121.99600000000001
9731,47.3128,-122.13
9732,47.3773,-122.029
9733,47.6354,-122.196
9734,47.5531,-122.177
9735,47.3605,-122.04
9736,47.5445,-122.266
9737,47.2877,-122.34899999999999
9738,47.5651,-122.359
9739,47.6898,-122.32600000000001
9740,47.637,-122.37100000000001
9741,47.5374,-122.213
9742,47.6224,-122.304
9743,47.3512,-122.305
9744,47.4669,-122.182
9745,47.6922,-122.163
9746,47.4801,-122.15799999999999
9747,47.4038,-122.167
9748,47.7279,-122.227
9749,47.6226,-122.115
9750,47.5315,-122.17200000000001
9751,47.7576,-122.296
9752,47.2752,-122.319
9753,47.4474,-122.167
9754,47.2576,-122.214
9755,47.268,-122.245
9756,47.7427,-122.109
9757,47.3497,-121.944
9758,47.7243,-122.22200000000001
9759,47.6987,-122.366
9760,47.5976,-121.98299999999999
9761,47.5937,-122.17200000000001
9762,47.5346,-122.066
9763,47.3812,-122.029
9764,47.7757,-122.353
9765,47.6332,-122.281
9766,47.762,-122.335
9767,47.7718,-121.904
9768,47.4077,-122.331
9769,47.7145,-122.22200000000001
9770,47.5607,-122.37799999999999
9771,47.5369,-121.876
9772,47.4402,-122.195
9773,47.6965,-121.92200000000001
9774,47.7403,-121.984
9775,47.6557,-122.344
9776,47.5358,-122.225
9777,47.3244,-122.14399999999999
9778,47.7267,-122.06299999999999
9779,47.5589,-122.117
9780,47.6849,-122.333
9781,47.2109,-121.98700000000001
9782,47.3454,-122.314
9783,47.6651,-122.084
9784,47.6985,-122.229
9785,47.3429,-122.036
9786,47.769,-122.094
9787,47.5671,-122.404
9788,47.3313,-122.34299999999999
9789,47.7145,-122.35600000000001
9790,47.3628,-122.045
9791,47.5931,-122.15799999999999
9792,47.4576,-121.984
9793,47.726000000000006,-122.22
9794,47.7453,-121.984
9795,47.4973,-122.25200000000001
9796,47.3675,-122.01899999999999
9797,47.7302,-122.10600000000001
9798,47.5878,-122.022
9799,47.6322,-122.23200000000001
9800,47.6864,-122.34899999999999
9801,47.6783,-122.363
9802,47.6612,-122.137
9803,47.3792,-122.28
9804,47.6681,-122.32
9805,47.2886,-122.274
9806,47.562,-122.11399999999999
9807,47.523,-122.37100000000001
9808,47.5521,-121.98899999999999
9809,47.726000000000006,-122.198
9810,47.4756,-122.301
9811,47.4756,-122.301
9812,47.6862,-122.37799999999999
9813,47.4923,-122.24700000000001
9814,47.4193,-122.194
9815,47.3584,-122.089
9816,47.6768,-122.32600000000001
9817,47.57100000000001,-122.39200000000001
9818,47.3605,-122.12
9819,47.6811,-121.915
9820,47.5791,-122.001
9821,47.4526,-122.28399999999999
9822,47.6871,-122.20700000000001
9823,47.6623,-122.339
9824,47.4935,-122.33200000000001
9825,47.6148,-122.113
9826,47.5472,-122.235
9827,47.5552,-122.296
9828,47.5982,-121.98
9829,47.6535,-122.119
9830,47.5398,-121.869
9831,47.4676,-122.134
9832,47.562,-122.28299999999999
9833,47.605,-122.167
9834,47.548,-122.154
9835,47.3856,-122.15799999999999
9836,47.7039,-122.344
9837,47.6236,-122.306
9838,47.6644,-122.13
9839,47.5104,-122.165
9840,47.6391,-122.205
9841,47.5787,-122.245
9842,47.7568,-122.141
9843,47.6021,-122.295
9844,47.5973,-122.01799999999999
9845,47.3311,-122.375
9846,47.652,-122.384
9847,47.6448,-122.31700000000001
9848,47.7096,-122.20200000000001
9849,47.4706,-122.119
9850,47.5623,-122.10600000000001
9851,47.3385,-122.264
9852,47.3515,-122.006
9853,47.5427,-122.38600000000001
9854,47.7477,-122.17
9855,47.5691,-122.39399999999999
9856,47.7655,-122.086
9857,47.3737,-122.132
9858,47.3779,-122.045
9859,47.635,-122.353
9860,47.6689,-122.32600000000001
9861,47.3739,-122.148
9862,47.6985,-122.382
9863,47.4455,-122.169
9864,47.5177,-122.257
9865,47.4608,-122.34
9866,47.4608,-122.34
9867,47.3926,-122.16799999999999
9868,47.63800000000001,-122.29
9869,47.6697,-122.29
9870,47.6952,-122.32700000000001
9871,47.6858,-122.352
9872,47.5013,-122.463
9873,47.3367,-122.33200000000001
9874,47.5659,-122.389
9875,47.353,-122.17200000000001
9876,47.667,-122.14200000000001
9877,47.5561,-122.266
9878,47.7289,-122.353
9879,47.3674,-122.081
9880,47.3979,-122.31700000000001
9881,47.5067,-122.163
9882,47.6809,-122.29299999999999
9883,47.7097,-122.10700000000001
9884,47.3325,-122.171
9885,47.6526,-122.384
9886,47.5114,-122.361
9887,47.5887,-122.065
9888,47.7422,-122.257
9889,47.685,-122.016
9890,47.5969,-122.29299999999999
9891,47.6347,-122.064
9892,47.6711,-122.315
9893,47.3508,-122.057
9894,47.5263,-122.325
9895,47.3555,-122.175
9896,47.4404,-122.34
9897,47.4891,-122.141
9898,47.6606,-122.365
9899,47.4693,-122.266
9900,47.698,-122.34899999999999
9901,47.3305,-122.351
9902,47.6088,-122.307
9903,47.6468,-122.15100000000001
9904,47.4303,-122.046
9905,47.6264,-122.09200000000001
9906,47.6762,-122.29899999999999
9907,47.5399,-122.07
9908,47.7034,-122.36200000000001
9909,47.6098,-122.292
9910,47.5507,-122.29799999999999
9911,47.5132,-122.15700000000001
9912,47.7292,-122.08200000000001
9913,47.6339,-122.28200000000001
9914,47.5762,-122.23899999999999
9915,47.7497,-122.286
9916,47.7412,-121.96600000000001
9917,47.7634,-122.277
9918,47.5759,-122.288
9919,47.4469,-122.155
9920,47.6095,-122.006
9921,47.5942,-122.135
9922,47.7316,-122.035
9923,47.7707,-122.273
9924,47.6995,-122.397
9925,47.7419,-122.073
9926,47.4396,-122.162
9927,47.532,-122.285
9928,47.565,-122.14399999999999
9929,47.6101,-122.04700000000001
9930,47.7166,-122.236
9931,47.6748,-122.37100000000001
9932,47.4899,-122.359
9933,47.6551,-122.344
9934,47.6408,-122.15299999999999
9935,47.7392,-121.96600000000001
9936,47.7649,-122.25299999999999
9937,47.3204,-122.387
9938,47.3675,-122.02
9939,47.542,-122.36399999999999
9940,47.3642,-122.109
9941,47.72,-122.31700000000001
9942,47.6886,-122.309
9943,47.6012,-122.022
9944,47.6923,-122.369
9945,47.5015,-122.34899999999999
9946,47.5689,-122.38600000000001
9947,47.4358,-122.344
9948,47.6933,-122.361
9949,47.3926,-122.208
9950,47.5326,-121.87899999999999
9951,47.71100000000001,-122.30799999999999
9952,47.4755,-121.758
9953,47.7551,-122.072
9954,47.4013,-122.03
9955,47.3188,-122.38
9956,47.5938,-122.17399999999999
9957,47.4517,-122.331
9958,47.6382,-122.307
9959,47.4778,-122.211
9960,47.4333,-122.212
9961,47.6853,-122.35
9962,47.3631,-122.277
9963,47.4151,-122.181
9964,47.3126,-122.361
9965,47.6874,-122.037
9966,47.4712,-122.11200000000001
9967,47.6972,-122.104
9968,47.3718,-122.16799999999999
9969,47.6102,-122.29899999999999
9970,47.5656,-122.09299999999999
9971,47.5646,-122.124
9972,47.6421,-122.348
9973,47.3739,-122.056
9974,47.6388,-122.302
9975,47.4866,-122.319
9976,47.6117,-122.134
9977,47.5981,-121.976
9978,47.5415,-121.883
9979,47.6028,-122.167
9980,47.4819,-122.14
9981,47.6979,-122.13
9982,47.6119,-122.01100000000001
9983,47.5849,-122.29
9984,47.4206,-122.155
9985,47.3209,-122.338
9986,47.6824,-122.389
9987,47.7212,-122.36399999999999
9988,47.3025,-122.06700000000001
9989,47.7581,-122.359
9990,47.7238,-122.165
9991,47.6641,-122.185
9992,47.7268,-122.103
9993,47.7417,-122.053
9994,47.381,-122.035
9995,47.263999999999996,-122.258
9996,47.6117,-122.164
9997,47.6205,-122.116
9998,47.305,-122.21799999999999
9999,47.7711,-122.288
10000,47.5304,-122.374
10001,47.6032,-122.125
10002,47.5996,-122.12
10003,47.6338,-122.117
10004,47.2098,-122.00399999999999
10005,47.5065,-122.275
10006,47.5029,-122.18799999999999
10007,47.5312,-122.375
10008,47.4514,-122.15899999999999
10009,47.5241,-122.053
10010,47.6903,-122.39399999999999
10011,47.3184,-122.22
10012,47.5017,-122.17399999999999
10013,47.6007,-122.12700000000001
10014,47.3046,-122.305
10015,47.6419,-122.306
10016,47.6549,-122.331
10017,47.6843,-122.31700000000001
10018,47.5746,-122.009
10019,47.5843,-122.29299999999999
10020,47.685,-122.36
10021,47.5764,-122.40799999999999
10022,47.5035,-122.258
10023,47.6754,-122.3
10024,47.6374,-122.111
10025,47.6748,-122.14399999999999
10026,47.5355,-122.39200000000001
10027,47.4721,-122.12299999999999
10028,47.4854,-122.34299999999999
10029,47.332,-122.334
10030,47.7634,-122.28399999999999
10031,47.3263,-122.189
10032,47.538999999999994,-121.87799999999999
10033,47.5632,-122.28200000000001
10034,47.5185,-121.87799999999999
10035,47.5534,-122.375
10036,47.5535,-122.26899999999999
10037,47.3634,-122.046
10038,47.4343,-122.156
10039,47.3316,-122.20299999999999
10040,47.3127,-122.354
10041,47.5806,-122.37899999999999
10042,47.7159,-122.165
10043,47.6415,-122.303
10044,47.7162,-122.36
10045,47.7169,-122.329
10046,47.7267,-122.227
10047,47.5603,-122.081
10048,47.553000000000004,-122.182
10049,47.6694,-122.044
10050,47.6329,-121.969
10051,47.3686,-122.059
10052,47.7143,-122.32
10053,47.6847,-122.381
10054,47.6803,-122.156
10055,47.3206,-122.397
10056,47.371,-122.17299999999999
10057,47.7715,-122.336
10058,47.4687,-122.26299999999999
10059,47.7278,-122.29700000000001
10060,47.7214,-122.11
10061,47.6666,-122.279
10062,47.6832,-122.118
10063,47.6937,-122.113
10064,47.5761,-121.98899999999999
10065,47.4989,-122.18799999999999
10066,47.6525,-122.345
10067,47.6767,-122.311
10068,47.7325,-122.132
10069,47.4968,-122.302
10070,47.6348,-122.301
10071,47.5722,-122.12799999999999
10072,47.6722,-122.37200000000001
10073,47.5372,-122.23200000000001
10074,47.5758,-122.242
10075,47.6902,-122.325
10076,47.3172,-122.37200000000001
10077,47.483999999999995,-121.78
10078,47.7548,-122.305
10079,47.3612,-122.185
10080,47.538000000000004,-122.38
10081,47.4483,-122.124
10082,47.5477,-122.00299999999999
10083,47.5503,-122.301
10084,47.711999999999996,-121.352
10085,47.2979,-122.37100000000001
10086,47.5266,-122.189
10087,47.7035,-122.385
10088,47.528,-122.22399999999999
10089,47.6461,-122.397
10090,47.7238,-122.302
10091,47.625,-122.117
10092,47.358999999999995,-122.45200000000001
10093,47.6945,-122.315
10094,47.3768,-122.149
10095,47.5119,-122.15100000000001
10096,47.2968,-122.37200000000001
10097,47.5384,-121.88
10098,47.5762,-122.21700000000001
10099,47.6145,-122.001
10100,47.6567,-122.281
10101,47.6888,-122.126
10102,47.4121,-122.18299999999999
10103,47.538000000000004,-121.87
10104,47.3521,-122.012
10105,47.5824,-122.07799999999999
10106,47.6977,-122.126
10107,47.3935,-122.169
10108,47.4895,-122.166
10109,47.5242,-121.831
10110,47.6272,-122.03299999999999
10111,47.7709,-122.212
10112,47.5348,-121.866
10113,47.6871,-122.336
10114,47.7646,-122.065
10115,47.3236,-122.337
10116,47.6955,-122.116
10117,47.3699,-122.319
10118,47.4793,-122.12200000000001
10119,47.3613,-122.041
10120,47.4902,-122.331
10121,47.6728,-122.012
10122,47.3565,-122.149
10123,47.6331,-122.027
10124,47.5348,-122.26899999999999
10125,47.696999999999996,-122.37
10126,47.6895,-121.912
10127,47.6289,-122.042
10128,47.535,-122.234
10129,47.3075,-122.21700000000001
10130,47.3318,-122.37299999999999
10131,47.4601,-122.165
10132,47.6075,-122.2
10133,47.2981,-122.38
10134,47.5815,-122.12100000000001
10135,47.6904,-122.102
10136,47.5276,-122.274
10137,47.7341,-122.23700000000001
10138,47.74,-122.17299999999999
10139,47.7066,-122.115
10140,47.7054,-122.346
10141,47.5746,-122.289
10142,47.4499,-122.376
10143,47.5497,-122.355
10144,47.6989,-122.111
10145,47.6829,-122.09700000000001
10146,47.6078,-122.01
10147,47.7655,-122.3
10148,47.5026,-122.236
10149,47.637,-122.355
10150,47.3904,-122.178
10151,47.4984,-122.22399999999999
10152,47.75899999999999,-122.26899999999999
10153,47.7094,-122.03
10154,47.7579,-122.141
10155,47.7251,-122.16799999999999
10156,47.6626,-122.361
10157,47.5922,-122.118
10158,47.4987,-121.787
10159,47.3091,-122.34299999999999
10160,47.5828,-121.97200000000001
10161,47.5531,-122.37899999999999
10162,47.543,-122.23100000000001
10163,47.285,-122.206
10164,47.6935,-122.31200000000001
10165,47.3109,-122.045
10166,47.6388,-122.40899999999999
10167,47.368,-122.315
10168,47.505,-122.11
10169,47.7379,-122.052
10170,47.5628,-122.11399999999999
10171,47.7613,-122.274
10172,47.5528,-121.999
10173,47.4872,-122.066
10174,47.3357,-122.171
10175,47.4813,-121.735
10176,47.7369,-121.96
10177,47.7622,-122.26299999999999
10178,47.5456,-122.359
10179,47.5333,-122.381
10180,47.3121,-122.215
10181,47.6799,-122.279
10182,47.3498,-122.037
10183,47.4836,-121.78299999999999
10184,47.5592,-122.26899999999999
10185,47.7614,-122.20299999999999
10186,47.6924,-122.31
10187,47.7263,-122.229
10188,47.5751,-122.04899999999999
10189,47.7276,-122.103
10190,47.3794,-122.31700000000001
10191,47.6867,-122.354
10192,47.3499,-122.296
10193,47.7674,-122.086
10194,47.4733,-122.281
10195,47.5096,-122.25
10196,47.265,-122.302
10197,47.6596,-122.338
10198,47.7585,-122.022
10199,47.2983,-122.166
10200,47.2898,-122.22200000000001
10201,47.6875,-122.309
10202,47.5857,-122.027
10203,47.5899,-122.17299999999999
10204,47.7511,-122.352
10205,47.7126,-122.23100000000001
10206,47.6124,-122.15299999999999
10207,47.5917,-122.29700000000001
10208,47.6557,-122.27799999999999
10209,47.3351,-122.289
10210,47.7481,-122.355
10211,47.7481,-122.355
10212,47.6897,-122.374
10213,47.5489,-122.006
10214,47.5908,-122.292
10215,47.3076,-122.36200000000001
10216,47.3076,-122.36200000000001
10217,47.3572,-122.161
10218,47.4596,-122.066
10219,47.475,-121.73700000000001
10220,47.4716,-121.756
10221,47.3845,-122.085
10222,47.7471,-122.075
10223,47.6687,-122.288
10224,47.3908,-122.167
10225,47.5701,-122.01700000000001
10226,47.6239,-122.14399999999999
10227,47.5168,-122.189
10228,47.4932,-122.27799999999999
10229,47.6531,-122.352
10230,47.7023,-122.38799999999999
10231,47.7222,-122.305
10232,47.3164,-122.196
10233,47.6333,-122.34700000000001
10234,47.5309,-121.876
10235,47.7274,-122.181
10236,47.1964,-122.009
10237,47.3143,-122.37
10238,47.7372,-122.35
10239,47.2616,-122.296
10240,47.3531,-121.98200000000001
10241,47.5204,-122.208
10242,47.3813,-122.243
10243,47.3813,-122.243
10244,47.3542,-122.137
10245,47.6601,-122.331
10246,47.6966,-122.324
10247,47.6966,-122.324
10248,47.4476,-122.124
10249,47.6122,-122.29700000000001
10250,47.5969,-122.14
10251,47.3663,-122.088
10252,47.6803,-122.214
10253,47.6594,-122.345
10254,47.5888,-122.01100000000001
10255,47.4553,-122.274
10256,47.3413,-122.277
10257,47.5854,-122.292
10258,47.7383,-121.969
10259,47.6424,-122.38600000000001
10260,47.5098,-122.155
10261,47.2892,-122.22
10262,47.2892,-122.22
10263,47.4573,-122.15799999999999
10264,47.6787,-122.16799999999999
10265,47.5539,-121.99600000000001
10266,47.6354,-122.103
10267,47.5985,-122.02600000000001
10268,47.6827,-122.059
10269,47.6814,-122.26899999999999
10270,47.5415,-121.883
10271,47.435,-122.329
10272,47.5863,-121.96700000000001
10273,47.2974,-122.366
10274,47.672,-122.169
10275,47.4155,-122.163
10276,47.4761,-122.287
10277,47.5624,-122.135
10278,47.3094,-122.191
10279,47.4619,-122.154
10280,47.5532,-122.277
10281,47.7234,-122.10700000000001
10282,47.45,-122.179
10283,47.7481,-122.178
10284,47.4457,-122.12700000000001
10285,47.4955,-122.23899999999999
10286,47.7008,-122.38600000000001
10287,47.7225,-122.351
10288,47.6575,-122.4
10289,47.6995,-122.354
10290,47.3813,-122.04299999999999
10291,47.7449,-122.103
10292,47.5232,-122.37100000000001
10293,47.6103,-122.29700000000001
10294,47.3144,-122.339
10295,47.621,-122.303
10296,47.2739,-122.29299999999999
10297,47.7038,-122.352
10298,47.4292,-122.148
10299,47.4887,-122.15
10300,47.7289,-122.23299999999999
10301,47.5498,-122.381
10302,47.5691,-122.40799999999999
10303,47.5632,-122.27
10304,47.5188,-122.348
10305,47.7467,-122.295
10306,47.6949,-122.396
10307,47.4626,-121.73899999999999
10308,47.4288,-122.198
10309,47.4288,-122.198
10310,47.6833,-122.271
10311,47.5982,-122.12799999999999
10312,47.6644,-122.14399999999999
10313,47.7258,-122.33200000000001
10314,47.5715,-122.225
10315,47.4878,-122.314
10316,47.6396,-122.113
10317,47.6871,-122.391
10318,47.6845,-122.01700000000001
10319,47.683,-122.035
10320,47.2681,-122.26700000000001
10321,47.5418,-122.289
10322,47.3875,-122.155
10323,47.7557,-122.221
10324,47.3583,-122.18299999999999
10325,47.5881,-122.113
10326,47.7446,-122.249
10327,47.7473,-122.26100000000001
10328,47.6964,-122.12
10329,47.5552,-122.381
10330,47.6431,-122.10799999999999
10331,47.5707,-122.396
10332,47.6948,-122.35700000000001
10333,47.6707,-122.14399999999999
10334,47.3654,-122.164
10335,47.7547,-122.094
10336,47.6071,-122.197
10337,47.6374,-122.29899999999999
10338,47.7335,-122.16
10339,47.7124,-122.303
10340,47.7671,-122.33
10341,47.7186,-122.314
10342,47.3637,-122.21
10343,47.4512,-122.208
10344,47.4945,-122.304
10345,47.6103,-122.296
10346,47.435,-122.19200000000001
10347,47.5908,-122.17299999999999
10348,47.3644,-122.31200000000001
10349,47.5007,-122.223
10350,47.4698,-122.118
10351,47.3632,-122.324
10352,47.7576,-122.333
10353,47.5659,-122.375
10354,47.4694,-122.006
10355,47.6382,-122.359
10356,47.7695,-122.359
10357,47.6826,-122.29799999999999
10358,47.651,-122.399
10359,47.5062,-122.15100000000001
10360,47.6784,-122.38600000000001
10361,47.6923,-122.20100000000001
10362,47.5431,-122.11200000000001
10363,47.5955,-122.306
10364,47.3124,-122.351
10365,47.757,-122.228
10366,47.6714,-122.32
10367,47.6392,-122.406
10368,47.6753,-122.311
10369,47.3263,-122.36399999999999
10370,47.7354,-122.34299999999999
10371,47.6992,-122.387
10372,47.7622,-122.163
10373,47.6956,-122.399
10374,47.6052,-122.064
10375,47.5123,-122.331
10376,47.4961,-122.322
10377,47.5598,-122.01799999999999
10378,47.6479,-122.367
10379,47.632,-122.279
10380,47.7545,-122.35700000000001
10381,47.6595,-122.354
10382,47.6132,-122.292
10383,47.3996,-122.32
10384,47.7344,-121.95700000000001
10385,47.7411,-122.322
10386,47.3686,-122.081
10387,47.33,-122.27799999999999
10388,47.4531,-122.352
10389,47.474,-122.139
10390,47.6688,-122.161
10391,47.4703,-122.27600000000001
10392,47.5774,-122.147
10393,47.6788,-122.346
10394,47.6848,-122.208
10395,47.31399999999999,-122.344
10396,47.5503,-122.081
10397,47.5075,-122.35
10398,47.49800000000001,-122.22200000000001
10399,47.733999999999995,-122.17
10400,47.5465,-122.384
10401,47.7288,-122.171
10402,47.5574,-121.89
10403,47.3052,-122.36200000000001
10404,47.6661,-122.37
10405,47.4466,-122.36
10406,47.4819,-122.182
10407,47.74100000000001,-122.314
10408,47.7617,-122.36
10409,47.547,-122.111
10410,47.6025,-122.31299999999999
10411,47.6985,-122.387
10412,47.6087,-122.016
10413,47.5135,-122.262
10414,47.4713,-122.197
10415,47.6684,-122.316
10416,47.6759,-122.11399999999999
10417,47.77,-122.20700000000001
10418,47.5595,-122.01899999999999
10419,47.6215,-122.031
10420,47.4377,-122.464
10421,47.7289,-122.17200000000001
10422,47.6619,-122.275
10423,47.7414,-122.295
10424,47.3947,-122.31299999999999
10425,47.5281,-122.348
10426,47.2688,-122.309
10427,47.5654,-122.01
10428,47.4323,-122.32700000000001
10429,47.7699,-122.085
10430,47.5615,-122.131
10431,47.2653,-122.285
10432,47.5422,-122.359
10433,47.744,-122.087
10434,47.3694,-122.083
10435,47.63800000000001,-122.288
10436,47.6813,-122.346
10437,47.5151,-122.37200000000001
10438,47.6462,-122.351
10439,47.6966,-122.35
10440,47.5361,-121.87100000000001
10441,47.6717,-122.295
10442,47.6704,-122.36200000000001
10443,47.4738,-122.19
10444,47.3202,-122.383
10445,47.701,-121.85700000000001
10446,47.625,-122.042
10447,47.3602,-121.986
10448,47.5682,-122.275
10449,47.6403,-122.35
10450,47.5634,-122.29799999999999
10451,47.3582,-122.28399999999999
10452,47.4545,-122.336
10453,47.7143,-122.23299999999999
10454,47.6997,-122.24
10455,47.5136,-122.31299999999999
10456,47.3124,-122.18799999999999
10457,47.6291,-122.363
10458,47.6326,-122.07
10459,47.6588,-122.36200000000001
10460,47.6071,-122.12299999999999
10461,47.3179,-122.331
10462,47.3132,-122.182
10463,47.4659,-122.14399999999999
10464,47.7065,-122.01299999999999
10465,47.5945,-121.98200000000001
10466,47.4909,-122.154
10467,47.475,-122.199
10468,47.5124,-122.374
10469,47.5181,-122.26700000000001
10470,47.6328,-122.17399999999999
10471,47.4711,-122.35
10472,47.7182,-122.20100000000001
10473,47.4734,-122.198
10474,47.5035,-122.255
10475,47.5436,-122.39
10476,47.5327,-122.39200000000001
10477,47.5492,-122.119
10478,47.44,-122.13600000000001
10479,47.687,-122.32
10480,47.4105,-122.194
10481,47.6908,-122.391
10482,47.6859,-122.339
10483,47.3967,-122.18299999999999
10484,47.577,-122.302
10485,47.522,-122.04700000000001
10486,47.6348,-122.064
10487,47.6394,-122.29899999999999
10488,47.6785,-122.03
10489,47.7426,-122.116
10490,47.3355,-122.28399999999999
10491,47.6793,-122.38
10492,47.545,-122.229
10493,47.5436,-122.35700000000001
10494,47.54,-121.863
10495,47.6903,-122.056
10496,47.6567,-122.32700000000001
10497,47.6276,-122.03299999999999
10498,47.3046,-122.22
10499,47.6424,-122.40700000000001
10500,47.7223,-122.17200000000001
10501,47.6374,-122.042
10502,47.2684,-122.30799999999999
10503,47.5382,-122.17299999999999
10504,47.3123,-122.186
10505,47.4808,-122.09899999999999
10506,47.3697,-122.309
10507,47.5119,-122.329
10508,47.458999999999996,-122.181
10509,47.5489,-122.271
10510,47.6678,-122.182
10511,47.4164,-122.33200000000001
10512,47.5526,-121.99799999999999
10513,47.6039,-122.194
10514,47.6003,-122.07600000000001
10515,47.6343,-122.28299999999999
10516,47.7351,-121.964
10517,47.6537,-122.34
10518,47.474,-122.14
10519,47.567,-122.012
10520,47.2761,-122.208
10521,47.7257,-122.361
10522,47.7428,-122.18299999999999
10523,47.5736,-122.307
10524,47.7019,-122.243
10525,47.7264,-122.307
10526,47.776,-122.23899999999999
10527,47.478,-122.038
10528,47.7503,-122.32799999999999
10529,47.5344,-122.22399999999999
10530,47.333999999999996,-122.214
10531,47.318999999999996,-122.39399999999999
10532,47.6181,-122.13799999999999
10533,47.5392,-122.228
10534,47.3647,-122.08200000000001
10535,47.5209,-122.205
10536,47.7303,-122.29799999999999
10537,47.7287,-122.19200000000001
10538,47.5639,-122.21600000000001
10539,47.6059,-122.295
10540,47.7466,-122.34700000000001
10541,47.3211,-122.277
10542,47.6797,-122.359
10543,47.3979,-122.416
10544,47.5882,-122.052
10545,47.369,-122.156
10546,47.7023,-122.27600000000001
10547,47.5982,-122.17200000000001
10548,47.4365,-122.14399999999999
10549,47.6294,-122.116
10550,47.4959,-122.367
10551,47.3651,-122.051
10552,47.3007,-122.228
10553,47.6314,-122.027
10554,47.5886,-122.113
10555,47.7732,-122.163
10556,47.494,-122.279
10557,47.2734,-122.251
10558,47.5115,-122.194
10559,47.6249,-122.29799999999999
10560,47.7211,-122.30799999999999
10561,47.3614,-122.035
10562,47.3658,-122.085
10563,47.4863,-121.73
10564,47.6782,-122.162
10565,47.5738,-122.13600000000001
10566,47.5882,-122.01100000000001
10567,47.4487,-121.775
10568,47.3454,-122.039
10569,47.458999999999996,-122.285
10570,47.5923,-122.197
10571,47.4737,-122.15
10572,47.5645,-122.219
10573,47.4338,-122.18299999999999
10574,47.6236,-122.04
10575,47.7261,-122.24600000000001
10576,47.3506,-122.04
10577,47.7178,-122.318
10578,47.6079,-122.12299999999999
10579,47.5574,-122.315
10580,47.7319,-122.167
10581,47.6505,-122.39
10582,47.5736,-122.152
10583,47.4252,-122.15899999999999
10584,47.6667,-122.35600000000001
10585,47.6964,-122.118
10586,47.4291,-122.16
10587,47.5536,-122.37700000000001
10588,47.637,-122.367
10589,47.5994,-121.975
10590,47.5523,-121.99799999999999
10591,47.3909,-122.238
10592,47.7183,-122.306
10593,47.6712,-122.26700000000001
10594,47.5888,-121.971
10595,47.6798,-122.104
10596,47.3579,-122.446
10597,47.4401,-122.126
10598,47.6719,-122.382
10599,47.6719,-122.382
10600,47.5552,-122.381
10601,47.5793,-122.294
10602,47.7362,-121.97399999999999
10603,47.6341,-122.103
10604,47.3747,-122.156
10605,47.4918,-122.141
10606,47.7061,-122.368
10607,47.355,-122.319
10608,47.5585,-122.15299999999999
10609,47.3109,-122.09700000000001
10610,47.5826,-122.02799999999999
10611,47.56100000000001,-122.15299999999999
10612,47.4198,-122.15799999999999
10613,47.7338,-121.96600000000001
10614,47.2966,-122.19
10615,47.7665,-122.37200000000001
10616,47.6771,-122.156
10617,47.5402,-122.21600000000001
10618,47.7501,-122.302
10619,47.5021,-121.77
10620,47.6268,-122.29700000000001
10621,47.7255,-122.059
10622,47.6634,-122.351
10623,47.69300000000001,-122.18700000000001
10624,47.7345,-121.961
10625,47.63800000000001,-122.31700000000001
10626,47.7145,-122.225
10627,47.2953,-122.09700000000001
10628,47.7307,-122.219
10629,47.6955,-122.291
10630,47.6545,-122.336
10631,47.7612,-122.234
10632,47.2087,-122.009
10633,47.7584,-122.145
10634,47.6211,-122.016
10635,47.6609,-121.89200000000001
10636,47.5847,-122.081
10637,47.567,-122.139
10638,47.7226,-122.227
10639,47.5591,-122.385
10640,47.4207,-122.334
10641,47.4088,-122.21
10642,47.703,-122.321
10643,47.621,-122.29799999999999
10644,47.3536,-122.31700000000001
10645,47.4568,-122.21
10646,47.7606,-122.167
10647,47.6408,-122.32700000000001
10648,47.7398,-122.167
10649,47.3822,-122.318
10650,47.4091,-122.31299999999999
10651,47.5073,-122.234
10652,47.4155,-122.339
10653,47.5364,-121.85600000000001
10654,47.5659,-122.01299999999999
10655,47.6496,-122.40700000000001
10656,47.6695,-122.32
10657,47.3714,-122.309
10658,47.718999999999994,-122.339
10659,47.6318,-122.05799999999999
10660,47.7412,-122.354
10661,47.3156,-122.186
10662,47.7061,-122.352
10663,47.3784,-122.046
10664,47.4657,-121.74700000000001
10665,47.3364,-122.169
10666,47.2617,-122.21
10667,47.7648,-122.35
10668,47.5128,-122.189
10669,47.6196,-122.15
10670,47.5197,-122.2
10671,47.5319,-122.238
10672,47.5647,-122.27
10673,47.736999999999995,-121.96700000000001
10674,47.4915,-122.18299999999999
10675,47.6389,-122.37100000000001
10676,47.6795,-122.03399999999999
10677,47.2614,-122.29
10678,47.6906,-122.20200000000001
10679,47.3577,-122.195
10680,47.2793,-122.295
10681,47.3566,-122.039
10682,47.6822,-122.309
10683,47.4786,-122.066
10684,47.5091,-122.19
10685,47.6773,-122.40299999999999
10686,47.3293,-122.306
10687,47.6885,-122.324
10688,47.2987,-122.385
10689,47.7735,-122.15799999999999
10690,47.7566,-122.337
10691,47.285,-122.20700000000001
10692,47.3925,-122.137
10693,47.4016,-122.209
10694,47.5094,-122.376
10695,47.5374,-122.38799999999999
10696,47.4693,-122.117
10697,47.3803,-122.147
10698,47.7614,-122.139
10699,47.5763,-122.309
10700,47.6169,-122.294
10701,47.7654,-122.07600000000001
10702,47.6932,-122.133
10703,47.7027,-122.34899999999999
10704,47.5343,-122.37
10705,47.68600000000001,-122.384
10706,47.4339,-122.194
10707,47.567,-121.89299999999999
10708,47.5503,-122.118
10709,47.5057,-122.348
10710,47.7695,-122.126
10711,47.3314,-122.275
10712,47.5008,-122.257
10713,47.6647,-122.13
10714,47.3326,-122.20100000000001
10715,47.3619,-122.07700000000001
10716,47.7187,-122.33
10717,47.5729,-122.147
10718,47.4869,-122.243
10719,47.7708,-122.339
10720,47.5051,-122.17
10721,47.6149,-122.124
10722,47.4435,-122.12799999999999
10723,47.6835,-122.39200000000001
10724,47.4818,-121.73299999999999
10725,47.7226,-122.039
10726,47.6324,-122.10600000000001
10727,47.2803,-122.35600000000001
10728,47.7447,-122.324
10729,47.4936,-122.335
10730,47.5845,-122.06
10731,47.3526,-122.0
10732,47.5703,-121.99799999999999
10733,47.7321,-122.334
10734,47.528,-122.352
10735,47.2891,-122.35700000000001
10736,47.4922,-122.178
10737,47.5606,-122.225
10738,47.4357,-122.34299999999999
10739,47.7037,-122.29299999999999
10740,47.3493,-122.025
10741,47.475,-122.111
10742,47.7686,-122.27799999999999
10743,47.6119,-122.133
10744,47.5262,-122.02799999999999
10745,47.6624,-122.06200000000001
10746,47.6033,-122.3
10747,47.6399,-122.32
10748,47.5297,-121.846
10749,47.753,-122.244
10750,47.3438,-122.322
10751,47.6894,-122.384
10752,47.3186,-122.171
10753,47.4321,-122.34700000000001
10754,47.6398,-122.39
10755,47.4919,-122.15100000000001
10756,47.6066,-122.016
10757,47.6295,-122.051
10758,47.5045,-122.329
10759,47.6722,-122.37899999999999
10760,47.4938,-122.36399999999999
10761,47.7718,-122.292
10762,47.6176,-122.045
10763,47.4485,-122.139
10764,47.5336,-122.225
10765,47.6945,-122.18799999999999
10766,47.7734,-122.359
10767,47.5503,-122.155
10768,47.5515,-122.15299999999999
10769,47.595,-122.133
10770,47.5369,-122.07
10771,47.7354,-122.095
10772,47.5326,-122.181
10773,47.3298,-122.277
10774,47.5017,-122.165
10775,47.7153,-122.32700000000001
10776,47.5604,-122.275
10777,47.718999999999994,-122.21700000000001
10778,47.4325,-122.146
10779,47.5342,-122.37299999999999
10780,47.4658,-121.758
10781,47.6535,-122.353
10782,47.6932,-122.395
10783,47.3364,-122.27600000000001
10784,47.5979,-122.17299999999999
10785,47.4327,-122.06
10786,47.7749,-122.339
10787,47.2831,-122.279
10788,47.6359,-122.351
10789,47.691,-122.34200000000001
10790,47.4357,-122.15899999999999
10791,47.523999999999994,-121.821
10792,47.646,-122.39
10793,47.4832,-121.79899999999999
10794,47.6258,-122.05799999999999
10795,47.5489,-122.185
10796,47.5901,-122.01799999999999
10797,47.2766,-122.146
10798,47.3322,-122.337
10799,47.7254,-122.29
10800,47.6728,-122.325
10801,47.6996,-122.391
10802,47.6687,-122.154
10803,47.6347,-122.01299999999999
10804,47.4977,-122.359
10805,47.55,-122.103
10806,47.4972,-122.264
10807,47.7294,-122.352
10808,47.4683,-122.26299999999999
10809,47.5567,-122.124
10810,47.5478,-122.17399999999999
10811,47.2902,-122.34200000000001
10812,47.6318,-122.023
10813,47.527,-122.17299999999999
10814,47.7552,-122.221
10815,47.3823,-122.15899999999999
10816,47.7072,-122.23200000000001
10817,47.3548,-122.055
10818,47.4574,-122.024
10819,47.3429,-122.33
10820,47.4884,-122.363
10821,47.643,-122.066
10822,47.6506,-122.405
10823,47.7358,-122.335
10824,47.6908,-122.051
10825,47.6955,-122.289
10826,47.6867,-122.37799999999999
10827,47.2887,-122.26899999999999
10828,47.4414,-122.354
10829,47.2811,-122.29899999999999
10830,47.7344,-122.14299999999999
10831,47.7756,-122.273
10832,47.7206,-122.28399999999999
10833,47.5588,-122.301
10834,47.5161,-122.38799999999999
10835,47.6746,-122.31200000000001
10836,47.6095,-122.059
10837,47.4838,-122.33
10838,47.6651,-122.056
10839,47.5434,-122.38799999999999
10840,47.6213,-122.064
10841,47.7386,-122.235
10842,47.6674,-122.365
10843,47.6966,-122.12700000000001
10844,47.5748,-122.01299999999999
10845,47.3531,-122.04799999999999
10846,47.4368,-122.162
10847,47.5815,-122.398
10848,47.4989,-122.322
10849,47.6606,-122.12799999999999
10850,47.3018,-122.369
10851,47.3984,-122.186
10852,47.293,-122.215
10853,47.3515,-122.291
10854,47.5664,-122.359
10855,47.6857,-122.353
10856,47.5109,-122.18299999999999
10857,47.3335,-122.325
10858,47.6617,-122.15
10859,47.6187,-122.04
10860,47.5664,-122.36399999999999
10861,47.3768,-122.118
10862,47.5862,-122.037
10863,47.7497,-122.28399999999999
10864,47.5012,-122.265
10865,47.6721,-122.374
10866,47.6262,-122.04899999999999
10867,47.4876,-121.779
10868,47.6846,-122.37200000000001
10869,47.687,-122.037
10870,47.604,-122.311
10871,47.2616,-122.281
10872,47.5185,-122.345
10873,47.6368,-122.355
10874,47.3667,-122.041
10875,47.473,-122.118
10876,47.586999999999996,-122.384
10877,47.4774,-122.14200000000001
10878,47.6818,-122.03399999999999
10879,47.3213,-122.385
10880,47.6175,-122.29799999999999
10881,47.4442,-121.762
10882,47.6337,-122.03200000000001
10883,47.2619,-122.30799999999999
10884,47.6045,-122.169
10885,47.7072,-122.36
10886,47.7131,-121.319
10887,47.3242,-122.14399999999999
10888,47.6731,-122.315
10889,47.6579,-122.125
10890,47.7057,-122.11200000000001
10891,47.5762,-122.14299999999999
10892,47.468999999999994,-122.29799999999999
10893,47.2077,-122.01100000000001
10894,47.7676,-122.37299999999999
10895,47.6789,-122.281
10896,47.7405,-122.323
10897,47.6415,-122.40100000000001
10898,47.5979,-122.29700000000001
10899,47.4632,-122.19
10900,47.6828,-122.287
10901,47.6605,-122.069
10902,47.6226,-122.292
10903,47.208,-121.963
10904,47.5097,-122.181
10905,47.5097,-122.181
10906,47.7346,-121.97
10907,47.2688,-122.024
10908,47.6768,-122.029
10909,47.6804,-122.316
10910,47.4604,-122.18
10911,47.7,-122.296
10912,47.3634,-122.279
10913,47.3622,-122.15700000000001
10914,47.7341,-121.976
10915,47.4845,-122.08
10916,47.5838,-122.39
10917,47.7516,-122.29899999999999
10918,47.419,-122.206
10919,47.31399999999999,-122.208
10920,47.5511,-122.23
10921,47.7675,-122.334
10922,47.7583,-122.339
10923,47.4881,-122.14200000000001
10924,47.5381,-122.069
10925,47.285,-122.20100000000001
10926,47.4561,-122.361
10927,47.6775,-122.363
10928,47.6711,-122.40299999999999
10929,47.718,-122.03399999999999
10930,47.6802,-122.031
10931,47.547,-121.99700000000001
10932,47.3275,-122.329
10933,47.731,-122.34200000000001
10934,47.6344,-122.205
10935,47.6875,-122.04299999999999
10936,47.3286,-122.346
10937,47.638999999999996,-122.21
10938,47.5778,-122.289
10939,47.6085,-121.95200000000001
10940,47.6284,-122.291
10941,47.7421,-121.98200000000001
10942,47.6605,-122.331
10943,47.5538,-121.994
10944,47.7062,-122.34100000000001
10945,47.3988,-122.02799999999999
10946,47.63399999999999,-122.221
10947,47.503,-122.262
10948,47.4669,-121.765
10949,47.6163,-122.294
10950,47.4664,-121.74700000000001
10951,47.34,-122.32700000000001
10952,47.3358,-122.265
10953,47.698,-122.35700000000001
10954,47.6979,-122.124
10955,47.3112,-122.376
10956,47.6475,-122.396
10957,47.6503,-122.41
10958,47.6503,-122.41
10959,47.4553,-121.75
10960,47.7137,-122.315
10961,47.6553,-122.19
10962,47.3446,-122.042
10963,47.5658,-122.03200000000001
10964,47.6158,-122.291
10965,47.5697,-122.182
10966,47.4873,-121.78299999999999
10967,47.6463,-122.219
10968,47.3557,-122.29
10969,47.5868,-121.96799999999999
10970,47.64,-122.285
10971,47.3024,-122.10600000000001
10972,47.4192,-122.20100000000001
10973,47.6743,-122.37100000000001
10974,47.4508,-122.368
10975,47.6214,-122.12
10976,47.2925,-122.346
10977,47.4125,-121.98200000000001
10978,47.4722,-122.131
10979,47.7215,-122.323
10980,47.5758,-122.382
10981,47.5549,-122.287
10982,47.6506,-122.12100000000001
10983,47.5585,-122.215
10984,47.6632,-122.20100000000001
10985,47.7312,-122.20200000000001
10986,47.7318,-122.13799999999999
10987,47.4868,-122.141
10988,47.3619,-122.287
10989,47.4431,-122.19
10990,47.495,-121.77600000000001
10991,47.4869,-122.12299999999999
10992,47.74100000000001,-121.979
10993,47.64100000000001,-122.068
10994,47.5345,-122.21600000000001
10995,47.6945,-122.37700000000001
10996,47.5305,-122.37100000000001
10997,47.731,-122.166
10998,47.5616,-122.39200000000001
10999,47.5418,-122.13600000000001
11000,47.5483,-122.27799999999999
11001,47.6785,-122.396
11002,47.6915,-122.348
11003,47.3199,-122.374
11004,47.7463,-122.213
11005,47.6902,-122.339
11006,47.6133,-122.287
11007,47.6319,-122.124
11008,47.5528,-122.35600000000001
11009,47.4858,-122.23100000000001
11010,47.5569,-122.277
11011,47.527,-122.36200000000001
11012,47.3999,-122.47200000000001
11013,47.6259,-122.14200000000001
11014,47.5493,-122.387
11015,47.6063,-122.305
11016,47.5868,-122.116
11017,47.7192,-122.024
11018,47.5662,-121.88600000000001
11019,47.4896,-122.204
11020,47.7638,-122.265
11021,47.549,-122.141
11022,47.6311,-122.31200000000001
11023,47.3743,-122.295
11024,47.7403,-122.12899999999999
11025,47.5894,-122.197
11026,47.3734,-122.193
11027,47.4816,-122.005
11028,47.6336,-122.29
11029,47.4619,-122.196
11030,47.603,-122.12
11031,47.5349,-122.066
11032,47.4469,-121.775
11033,47.7289,-122.12700000000001
11034,47.6536,-122.045
11035,47.6202,-122.11200000000001
11036,47.7233,-121.959
11037,47.4497,-122.212
11038,47.6075,-122.134
11039,47.4403,-122.271
11040,47.5879,-122.29899999999999
11041,47.49800000000001,-122.225
11042,47.3642,-122.17399999999999
11043,47.6844,-122.289
11044,47.7223,-122.16
11045,47.7077,-122.37799999999999
11046,47.5766,-122.309
11047,47.6273,-122.194
11048,47.6811,-122.03399999999999
11049,47.7186,-122.354
11050,47.7186,-122.354
11051,47.6857,-122.331
11052,47.3289,-122.001
11053,47.5491,-122.15100000000001
11054,47.4874,-122.20700000000001
11055,47.608999999999995,-122.314
11056,47.5858,-122.37899999999999
11057,47.5151,-122.37200000000001
11058,47.7034,-122.315
11059,47.5941,-122.14200000000001
11060,47.2114,-122.009
11061,47.525,-122.39299999999999
11062,47.6478,-122.113
11063,47.5306,-122.354
11064,47.3219,-122.085
11065,47.7731,-122.086
11066,47.7329,-122.23700000000001
11067,47.6607,-122.396
11068,47.7739,-122.322
11069,47.3644,-122.04
11070,47.7466,-122.34
11071,47.4519,-122.363
11072,47.7107,-122.11
11073,47.3482,-122.15299999999999
11074,47.4484,-122.15799999999999
11075,47.7431,-122.29
11076,47.3644,-122.094
11077,47.6039,-122.06
11078,47.738,-121.965
11079,47.3992,-122.163
11080,47.3169,-122.365
11081,47.669,-122.275
11082,47.5571,-122.08
11083,47.7347,-122.226
11084,47.7458,-122.334
11085,47.3628,-122.147
11086,47.763999999999996,-122.262
11087,47.7762,-122.367
11088,47.6401,-122.32
11089,47.3661,-122.02
11090,47.4572,-122.169
11091,47.3266,-122.175
11092,47.7388,-122.206
11093,47.7283,-122.046
11094,47.3229,-122.348
11095,47.7381,-122.302
11096,47.6742,-122.35600000000001
11097,47.4802,-122.335
11098,47.4961,-122.366
11099,47.4623,-122.13
11100,47.5559,-122.396
11101,47.753,-122.31700000000001
11102,47.6684,-122.363
11103,47.5495,-122.398
11104,47.6425,-122.374
11105,47.7048,-122.315
11106,47.7566,-122.113
11107,47.5794,-122.118
11108,47.4067,-122.03
11109,47.6836,-122.387
11110,47.6827,-122.038
11111,47.7687,-122.27600000000001
11112,47.3064,-122.10799999999999
11113,47.4742,-122.265
11114,47.3947,-122.17399999999999
11115,47.6077,-122.02
11116,47.6704,-122.391
11117,47.5639,-122.40100000000001
11118,47.6398,-122.113
11119,47.4808,-122.28
11120,47.4909,-122.257
11121,47.5417,-122.289
11122,47.35,-122.16799999999999
11123,47.6478,-122.117
11124,47.7729,-122.389
11125,47.4435,-122.279
11126,47.6704,-122.18299999999999
11127,47.6041,-122.31
11128,47.4117,-122.17399999999999
11129,47.3616,-122.14399999999999
11130,47.77,-122.391
11131,47.3634,-122.027
11132,47.7255,-122.101
11133,47.5795,-122.29
11134,47.3278,-122.337
11135,47.349,-122.025
11136,47.4016,-122.131
11137,47.3238,-122.292
11138,47.6738,-122.06299999999999
11139,47.3939,-122.164
11140,47.5647,-122.09200000000001
11141,47.6112,-122.115
11142,47.6317,-122.205
11143,47.3327,-122.29
11144,47.7011,-122.375
11145,47.3678,-122.28200000000001
11146,47.3947,-122.197
11147,47.2929,-122.34200000000001
11148,47.7611,-122.161
11149,47.7733,-122.324
11150,47.7601,-122.167
11151,47.6329,-122.021
11152,47.6683,-122.286
11153,47.5507,-122.141
11154,47.5219,-122.052
11155,47.5022,-122.223
11156,47.7246,-122.059
11157,47.3781,-122.044
11158,47.5655,-122.395
11159,47.7151,-122.20299999999999
11160,47.7349,-122.295
11161,47.5069,-122.47200000000001
11162,47.5326,-122.04899999999999
11163,47.2126,-121.984
11164,47.7012,-122.167
11165,47.5332,-122.29
11166,47.2701,-122.31299999999999
11167,47.7093,-122.306
11168,47.5197,-122.191
11169,47.6634,-122.35799999999999
11170,47.6915,-122.339
11171,47.3944,-122.506
11172,47.3096,-122.35700000000001
11173,47.7397,-122.259
11174,47.6881,-122.32
11175,47.7132,-122.29299999999999
11176,47.4833,-122.139
11177,47.77,-122.09700000000001
11178,47.3637,-122.075
11179,47.7139,-122.20299999999999
11180,47.7364,-121.969
11181,47.3661,-122.29
11182,47.2741,-122.337
11183,47.2741,-122.337
11184,47.3033,-122.381
11185,47.7322,-122.236
11186,47.4975,-122.26100000000001
11187,47.3743,-122.285
11188,47.7032,-122.37
11189,47.3597,-122.051
11190,47.6458,-121.904
11191,47.6458,-121.904
11192,47.6901,-122.28200000000001
11193,47.681000000000004,-122.36399999999999
11194,47.651,-122.119
11195,47.5623,-122.221
11196,47.7268,-122.213
11197,47.631,-122.117
11198,47.7442,-122.338
11199,47.619,-122.054
11200,47.4583,-122.036
11201,47.3676,-122.31200000000001
11202,47.6503,-121.911
11203,47.6792,-122.273
11204,47.4835,-122.19200000000001
11205,47.6204,-122.21700000000001
11206,47.356,-122.014
11207,47.5319,-122.391
11208,47.4935,-122.333
11209,47.637,-122.04
11210,47.7136,-122.288
11211,47.427,-122.147
11212,47.54,-122.32
11213,47.661,-122.26899999999999
11214,47.7279,-122.04799999999999
11215,47.5545,-122.163
11216,47.5535,-122.39299999999999
11217,47.5357,-122.28
11218,47.7238,-122.11399999999999
11219,47.6214,-122.14
11220,47.317,-122.325
11221,47.5749,-122.214
11222,47.7286,-122.215
11223,47.3724,-122.10700000000001
11224,47.6366,-122.365
11225,47.7245,-121.959
11226,47.467,-122.185
11227,47.7517,-122.34200000000001
11228,47.3838,-122.02600000000001
11229,47.398,-122.31
11230,47.2868,-122.21
11231,47.6085,-122.311
11232,47.4345,-122.32600000000001
11233,47.355,-122.176
11234,47.3663,-122.115
11235,47.4597,-122.162
11236,47.5674,-122.384
11237,47.3068,-122.27
11238,47.6228,-122.319
11239,47.721000000000004,-122.07799999999999
11240,47.3248,-122.14200000000001
11241,47.3043,-122.15899999999999
11242,47.7258,-122.306
11243,47.2857,-122.189
11244,47.275,-122.27799999999999
11245,47.7011,-122.244
11246,47.4343,-122.08200000000001
11247,47.5427,-121.995
11248,47.6842,-122.363
11249,47.5754,-122.23299999999999
11250,47.3733,-122.289
11251,47.5435,-122.26
11252,47.5635,-122.28200000000001
11253,47.3126,-122.12899999999999
11254,47.6025,-122.303
11255,47.63800000000001,-122.225
11256,47.6865,-122.266
11257,47.5891,-122.29299999999999
11258,47.5482,-122.294
11259,47.7048,-122.279
11260,47.5641,-122.124
11261,47.6149,-122.29299999999999
11262,47.5088,-122.333
11263,47.7657,-122.131
11264,47.7029,-122.015
11265,47.3427,-122.169
11266,47.6236,-122.235
11267,47.4042,-122.204
11268,47.5507,-122.383
11269,47.4433,-122.016
11270,47.6928,-122.337
11271,47.7535,-122.334
11272,47.6232,-122.20700000000001
11273,47.3357,-122.305
11274,47.4871,-122.165
11275,47.6942,-122.304
11276,47.6942,-122.304
11277,47.7142,-122.281
11278,47.6907,-122.161
11279,47.5897,-122.23299999999999
11280,47.6521,-122.413
11281,47.5688,-122.087
11282,47.5031,-122.245
11283,47.5589,-122.12799999999999
11284,47.6247,-122.016
11285,47.3344,-122.301
11286,47.7534,-122.17200000000001
11287,47.6337,-122.37100000000001
11288,47.4693,-122.161
11289,47.3432,-122.309
11290,47.7367,-122.319
11291,47.5927,-122.006
11292,47.4575,-122.204
11293,47.6763,-122.404
11294,47.681000000000004,-122.304
11295,47.7563,-122.338
11296,47.4799,-122.12899999999999
11297,47.4549,-122.287
11298,47.5255,-122.376
11299,47.6374,-122.307
11300,47.76600000000001,-122.32
11301,47.6856,-122.31200000000001
11302,47.464,-122.19200000000001
11303,47.7443,-122.228
11304,47.7532,-122.244
11305,47.7118,-122.314
11306,47.7348,-121.984
11307,47.7177,-122.104
11308,47.6112,-122.133
11309,47.6174,-122.30799999999999
11310,47.5696,-122.18299999999999
11311,47.5563,-122.163
11312,47.3847,-122.029
11313,47.6935,-122.17299999999999
11314,47.5765,-122.15899999999999
11315,47.4693,-122.34899999999999
11316,47.684,-122.37799999999999
11317,47.3749,-122.291
11318,47.5719,-122.37700000000001
11319,47.5524,-122.35600000000001
11320,47.6265,-122.36399999999999
11321,47.5706,-121.999
11322,47.6659,-122.359
11323,47.3559,-122.0
11324,47.7125,-122.33200000000001
11325,47.3679,-122.088
11326,47.3078,-122.338
11327,47.6264,-122.05799999999999
11328,47.7375,-122.139
11329,47.3843,-122.006
11330,47.5045,-122.24
11331,47.5487,-122.277
11332,47.6707,-122.149
11333,47.7346,-122.30799999999999
11334,47.385,-122.031
11335,47.5405,-122.39299999999999
11336,47.4807,-122.33200000000001
11337,47.6867,-122.369
11338,47.6893,-122.35
11339,47.4884,-122.319
11340,47.5646,-122.12700000000001
11341,47.5659,-122.286
11342,47.3119,-122.015
11343,47.6366,-122.40100000000001
11344,47.7466,-121.979
11345,47.542,-122.321
11346,47.5709,-122.40100000000001
11347,47.7599,-122.23299999999999
11348,47.3631,-122.116
11349,47.3694,-122.056
11350,47.713,-122.072
11351,47.713,-122.072
11352,47.5359,-122.23299999999999
11353,47.4788,-122.227
11354,47.3877,-122.171
11355,47.6793,-122.397
11356,47.2641,-122.31200000000001
11357,47.6884,-122.204
11358,47.5564,-122.177
11359,47.648999999999994,-122.335
11360,47.5368,-122.374
11361,47.7003,-122.285
11362,47.2935,-122.10799999999999
11363,47.5678,-122.37799999999999
11364,47.6597,-122.345
11365,47.6258,-122.038
11366,47.3117,-122.321
11367,47.593,-122.197
11368,47.497,-122.227
11369,47.6872,-122.346
11370,47.3069,-122.271
11371,47.5781,-122.29299999999999
11372,47.4785,-122.16
11373,47.3594,-122.322
11374,47.4927,-122.31200000000001
11375,47.5091,-122.14399999999999
11376,47.591,-122.01700000000001
11377,47.7317,-122.23100000000001
11378,47.5109,-122.35700000000001
11379,47.5966,-122.175
11380,47.729,-122.235
11381,47.4417,-122.194
11382,47.6344,-122.118
11383,47.3115,-122.396
11384,47.544,-122.296
11385,47.596000000000004,-122.29799999999999
11386,47.5473,-122.211
11387,47.5246,-122.044
11388,47.3352,-122.189
11389,47.615,-122.288
11390,47.6934,-122.271
11391,47.6793,-122.316
11392,47.2063,-122.023
11393,47.58,-122.285
11394,47.4445,-122.126
11395,47.7441,-122.314
11396,47.5892,-122.387
11397,47.7173,-122.338
11398,47.5295,-122.18
11399,47.6964,-122.024
11400,47.6753,-122.36
11401,47.6665,-122.27
11402,47.4914,-122.155
11403,47.7642,-122.04799999999999
11404,47.511,-122.359
11405,47.5275,-122.148
11406,47.6741,-122.323
11407,47.3025,-122.22399999999999
11408,47.6868,-122.042
11409,47.6529,-122.20200000000001
11410,47.7101,-122.014
11411,47.2642,-122.219
11412,47.3881,-122.32600000000001
11413,47.6104,-122.11200000000001
11414,47.3336,-122.26899999999999
11415,47.5093,-122.17200000000001
11416,47.7145,-122.35
11417,47.31399999999999,-122.365
11418,47.7638,-122.31700000000001
11419,47.3846,-122.205
11420,47.5639,-122.149
11421,47.2977,-122.367
11422,47.2977,-122.367
11423,47.674,-122.14200000000001
11424,47.5421,-122.322
11425,47.7012,-122.131
11426,47.5782,-122.01799999999999
11427,47.6368,-122.15700000000001
11428,47.5943,-122.15
11429,47.5492,-122.008
11430,47.6506,-122.33200000000001
11431,47.5304,-122.20200000000001
11432,47.7296,-122.24
11433,47.7086,-122.243
11434,47.5968,-122.083
11435,47.3424,-122.329
11436,47.5397,-122.385
11437,47.4789,-122.335
11438,47.6954,-122.01700000000001
11439,47.5965,-122.038
11440,47.7687,-122.223
11441,47.5208,-122.35
11442,47.5421,-122.383
11443,47.5783,-122.001
11444,47.4654,-122.195
11445,47.6701,-122.176
11446,47.5948,-122.15299999999999
11447,47.5948,-122.15299999999999
11448,47.5727,-122.13799999999999
11449,47.5459,-122.376
11450,47.3621,-122.031
11451,47.352,-122.05799999999999
11452,47.3672,-122.09899999999999
11453,47.6618,-122.273
11454,47.7295,-122.331
11455,47.6307,-122.051
11456,47.3104,-122.39399999999999
11457,47.7065,-122.29700000000001
11458,47.7187,-122.024
11459,47.5428,-122.236
11460,47.5256,-122.34700000000001
11461,47.6692,-122.359
11462,47.71100000000001,-122.35600000000001
11463,47.6498,-122.346
11464,47.5073,-122.36
11465,47.5322,-121.868
11466,47.7731,-122.257
11467,47.57899999999999,-122.001
11468,47.6385,-121.96600000000001
11469,47.4853,-122.304
11470,47.6434,-122.35799999999999
11471,47.2925,-122.196
11472,47.7131,-122.306
11473,47.6382,-122.397
11474,47.4678,-122.363
11475,47.3912,-122.301
11476,47.6828,-122.329
11477,47.521,-122.179
11478,47.7392,-122.194
11479,47.5377,-122.266
11480,47.5949,-122.30799999999999
11481,47.2791,-122.3
11482,47.6392,-122.318
11483,47.6774,-122.325
11484,47.7105,-122.306
11485,47.6028,-122.17200000000001
11486,47.5915,-122.05799999999999
11487,47.5059,-122.303
11488,47.5375,-122.391
11489,47.7227,-122.296
11490,47.4738,-122.266
11491,47.6815,-122.26899999999999
11492,47.7753,-122.375
11493,47.4916,-122.30799999999999
11494,47.5434,-122.229
11495,47.6811,-122.20700000000001
11496,47.6367,-121.948
11497,47.545,-122.27799999999999
11498,47.258,-122.208
11499,47.75899999999999,-122.37100000000001
11500,47.3658,-122.17200000000001
11501,47.38399999999999,-122.322
11502,47.6462,-122.40299999999999
11503,47.555,-122.309
11504,47.6713,-122.27600000000001
11505,47.6009,-122.01100000000001
11506,47.5168,-122.256
11507,47.5822,-122.196
11508,47.7603,-122.169
11509,47.5628,-122.391
11510,47.5933,-122.195
11511,47.48,-122.03
11512,47.7183,-122.1
11513,47.7102,-122.281
11514,47.5489,-122.007
11515,47.6781,-122.363
11516,47.6968,-122.025
11517,47.5168,-122.204
11518,47.6175,-122.065
11519,47.6373,-122.042
11520,47.5576,-122.186
11521,47.6681,-122.184
11522,47.4716,-122.262
11523,47.6205,-122.214
11524,47.6861,-122.296
11525,47.6871,-122.37299999999999
11526,47.31399999999999,-122.363
11527,47.5194,-122.376
11528,47.6416,-122.38600000000001
11529,47.574,-122.21
11530,47.6123,-122.006
11531,47.4098,-122.189
11532,47.5361,-122.21700000000001
11533,47.35,-122.005
11534,47.6962,-122.397
11535,47.3052,-122.34
11536,47.5521,-121.999
11537,47.3893,-122.051
11538,47.6743,-122.145
11539,47.5876,-122.17200000000001
11540,47.4752,-122.345
11541,47.2932,-122.28299999999999
11542,47.5515,-122.324
11543,47.5207,-122.37799999999999
11544,47.3811,-122.325
11545,47.6867,-122.352
11546,47.5634,-122.39399999999999
11547,47.6419,-122.368
11548,47.401,-122.171
11549,47.3705,-122.15
11550,47.7732,-122.17200000000001
11551,47.4544,-122.351
11552,47.7624,-121.93
11553,47.4848,-122.221
11554,47.7636,-122.20200000000001
11555,47.6931,-121.921
11556,47.3187,-122.39
11557,47.6192,-122.301
11558,47.6811,-122.169
11559,47.74,-122.09299999999999
11560,47.553999999999995,-122.036
11561,47.6044,-122.29899999999999
11562,47.6263,-122.31200000000001
11563,47.37300000000001,-122.185
11564,47.4462,-122.137
11565,47.5443,-122.177
11566,47.703,-122.015
11567,47.3342,-122.215
11568,47.3106,-122.325
11569,47.367,-122.031
11570,47.3507,-122.089
11571,47.3985,-122.321
11572,47.3451,-122.04
11573,47.6319,-122.007
11574,47.6625,-122.059
11575,47.6625,-122.059
11576,47.5181,-122.339
11577,47.632,-122.29
11578,47.4987,-121.781
11579,47.5866,-122.20100000000001
11580,47.6766,-122.368
11581,47.445,-122.285
11582,47.6688,-122.279
11583,47.5909,-122.29700000000001
11584,47.6606,-122.397
11585,47.3819,-122.09
11586,47.528,-122.132
11587,47.768,-122.38799999999999
11588,47.5445,-122.376
11589,47.636,-122.302
11590,47.6645,-122.291
11591,47.5419,-122.383
11592,47.5401,-122.3
11593,47.726000000000006,-122.29700000000001
11594,47.5455,-122.126
11595,47.5801,-122.306
11596,47.7066,-122.101
11597,47.636,-122.171
11598,47.6024,-122.296
11599,47.6339,-122.022
11600,47.5659,-122.376
11601,47.68899999999999,-122.34700000000001
11602,47.363,-122.03399999999999
11603,47.3092,-122.376
11604,47.4242,-122.181
11605,47.3747,-122.306
11606,47.5478,-122.005
11607,47.7307,-122.33200000000001
11608,47.6453,-122.41
11609,47.6522,-122.348
11610,47.7456,-122.336
11611,47.6402,-122.37100000000001
11612,47.7584,-122.14299999999999
11613,47.5569,-122.17200000000001
11614,47.63399999999999,-122.03299999999999
11615,47.438,-122.34899999999999
11616,47.6929,-122.318
11617,47.5897,-122.13600000000001
11618,47.6381,-122.375
11619,47.7606,-122.37
11620,47.5354,-122.37799999999999
11621,47.6805,-122.369
11622,47.6131,-122.12299999999999
11623,47.4791,-122.34700000000001
11624,47.3539,-122.054
11625,47.2883,-122.272
11626,47.6387,-122.363
11627,47.69600000000001,-122.319
11628,47.7486,-122.249
11629,47.7298,-122.286
11630,47.5739,-122.069
11631,47.6705,-122.39
11632,47.5635,-122.03200000000001
11633,47.6928,-122.399
11634,47.3516,-122.119
11635,47.2927,-122.369
11636,47.4594,-122.359
11637,47.5526,-121.994
11638,47.5723,-122.021
11639,47.4606,-122.28299999999999
11640,47.56100000000001,-122.126
11641,47.7647,-122.26299999999999
11642,47.5301,-122.381
11643,47.6557,-122.32700000000001
11644,47.5078,-122.251
11645,47.7377,-122.101
11646,47.5421,-122.17200000000001
11647,47.4695,-122.366
11648,47.7452,-122.101
11649,47.4258,-122.32700000000001
11650,47.6481,-122.125
11651,47.5945,-122.20100000000001
11652,47.4351,-122.335
11653,47.7477,-122.171
11654,47.6952,-122.39
11655,47.6529,-122.334
11656,47.6018,-122.29899999999999
11657,47.3915,-122.18799999999999
11658,47.5704,-122.141
11659,47.4922,-122.134
11660,47.7432,-122.11200000000001
11661,47.5665,-122.21
11662,47.5732,-122.37200000000001
11663,47.7651,-122.323
11664,47.6898,-122.189
11665,47.4892,-122.306
11666,47.7522,-122.307
11667,47.522,-122.149
11668,47.715,-122.065
11669,47.3468,-122.11
11670,47.3904,-122.165
11671,47.5571,-122.29899999999999
11672,47.4905,-122.14
11673,47.7506,-122.012
11674,47.6313,-122.344
11675,47.4446,-122.074
11676,47.7112,-122.098
11677,47.2592,-122.228
11678,47.7576,-122.318
11679,47.7274,-122.35700000000001
11680,47.6628,-122.32600000000001
11681,47.3979,-122.212
11682,47.6876,-122.16799999999999
11683,47.5933,-122.292
11684,47.3191,-122.385
11685,47.7533,-122.205
11686,47.5609,-122.279
11687,47.3081,-122.329
11688,47.5108,-122.193
11689,47.5755,-122.38799999999999
11690,47.31100000000001,-122.21
11691,47.4881,-122.199
11692,47.6955,-122.275
11693,47.553000000000004,-122.37
11694,47.2048,-121.999
11695,47.6933,-122.116
11696,47.2458,-122.00200000000001
11697,47.353,-122.00200000000001
11698,47.4482,-122.26899999999999
11699,47.6741,-122.271
11700,47.6531,-122.40100000000001
11701,47.4548,-122.29
11702,47.3099,-122.116
11703,47.6792,-122.404
11704,47.3798,-122.025
11705,47.5292,-122.316
11706,47.6767,-122.38
11707,47.7081,-122.27600000000001
11708,47.553000000000004,-122.17399999999999
11709,47.2624,-122.221
11710,47.7751,-122.16799999999999
11711,47.56,-122.181
11712,47.3745,-122.22399999999999
11713,47.657,-122.39299999999999
11714,47.7137,-122.307
11715,47.6314,-122.353
11716,47.7764,-122.385
11717,47.7282,-122.37200000000001
11718,47.6806,-122.38799999999999
11719,47.39,-122.166
11720,47.6776,-122.324
11721,47.5245,-122.354
11722,47.3593,-122.289
11723,47.4379,-122.146
11724,47.1928,-122.01
11725,47.5695,-121.902
11726,47.7439,-122.262
11727,47.4865,-122.197
11728,47.6488,-122.15299999999999
11729,47.7243,-122.185
11730,47.6883,-122.335
11731,47.5412,-122.37700000000001
11732,47.6181,-122.302
11733,47.386,-122.04700000000001
11734,47.733000000000004,-122.225
11735,47.6929,-122.321
11736,47.5457,-121.991
11737,47.6273,-122.059
11738,47.312,-122.18299999999999
11739,47.5627,-122.383
11740,47.3585,-122.191
11741,47.6406,-122.101
11742,47.6966,-122.368
11743,47.3784,-122.046
11744,47.4891,-122.149
11745,47.4874,-122.223
11746,47.7508,-122.322
11747,47.4882,-122.325
11748,47.5785,-122.402
11749,47.621,-122.03
11750,47.394,-122.20200000000001
11751,47.6423,-122.39399999999999
11752,47.7476,-122.087
11753,47.5049,-122.23899999999999
11754,47.708999999999996,-122.01700000000001
11755,47.5366,-122.06700000000001
11756,47.6893,-122.197
11757,47.2377,-122.016
11758,47.6341,-122.304
11759,47.5693,-122.391
11760,47.5696,-122.38600000000001
11761,47.6981,-122.286
11762,47.3182,-122.271
11763,47.4499,-122.189
11764,47.4499,-122.189
11765,47.2625,-122.221
11766,47.5294,-122.03299999999999
11767,47.74800000000001,-122.288
11768,47.7562,-122.318
11769,47.3482,-122.037
11770,47.7415,-122.096
11771,47.7126,-122.211
11772,47.4864,-122.348
11773,47.5072,-122.181
11774,47.5256,-122.375
11775,47.6427,-122.397
11776,47.588,-122.16799999999999
11777,47.3684,-122.08
11778,47.3632,-122.11
11779,47.5481,-122.374
11780,47.3527,-122.315
11781,47.7289,-122.291
11782,47.3893,-122.21600000000001
11783,47.5314,-122.054
11784,47.6337,-121.961
11785,47.6071,-122.137
11786,47.5429,-121.995
11787,47.5303,-122.28
11788,47.4061,-122.18799999999999
11789,47.5242,-122.37100000000001
11790,47.7024,-122.346
11791,47.5718,-122.12700000000001
11792,47.6904,-122.395
11793,47.6419,-122.351
11794,47.4836,-122.13600000000001
11795,47.3747,-122.185
11796,47.4842,-122.33
11797,47.5672,-122.01799999999999
11798,47.7453,-122.351
11799,47.5765,-122.155
11800,47.5331,-122.352
11801,47.3831,-122.147
11802,47.5255,-122.374
11803,47.5858,-122.30799999999999
11804,47.7134,-122.288
11805,47.4437,-122.194
11806,47.6663,-122.33200000000001
11807,47.3174,-122.12700000000001
11808,47.6662,-122.36399999999999
11809,47.6978,-122.164
11810,47.265,-122.22
11811,47.7741,-122.38
11812,47.2623,-122.21700000000001
11813,47.3495,-122.04
11814,47.693999999999996,-122.348
11815,47.6175,-122.301
11816,47.5126,-122.149
11817,47.5511,-122.11399999999999
11818,47.773999999999994,-122.28299999999999
11819,47.2585,-122.061
11820,47.3523,-122.059
11821,47.6821,-122.39200000000001
11822,47.4016,-122.166
11823,47.6807,-122.291
11824,47.7372,-122.294
11825,47.5461,-122.12200000000001
11826,47.6941,-122.17299999999999
11827,47.5141,-122.316
11828,47.4744,-122.154
11829,47.3965,-122.321
11830,47.3904,-122.29899999999999
11831,47.5837,-122.194
11832,47.4536,-122.376
11833,47.3258,-122.186
11834,47.4501,-122.12799999999999
11835,47.5161,-122.191
11836,47.6366,-122.09899999999999
11837,47.4745,-122.141
11838,47.6915,-122.09899999999999
11839,47.6605,-122.335
11840,47.7416,-122.32700000000001
11841,47.7733,-122.351
11842,47.3925,-122.161
11843,47.6324,-122.289
11844,47.4388,-122.32799999999999
11845,47.7241,-122.16799999999999
11846,47.56100000000001,-122.01899999999999
11847,47.6436,-122.352
11848,47.7244,-122.179
11849,47.5745,-122.291
11850,47.7294,-122.186
11851,47.5752,-122.009
11852,47.4527,-122.37200000000001
11853,47.288999999999994,-122.344
11854,47.4965,-122.176
11855,47.52,-122.354
11856,47.5554,-122.26700000000001
11857,47.583999999999996,-122.294
11858,47.7196,-122.223
11859,47.4548,-121.764
11860,47.3879,-122.03200000000001
11861,47.74100000000001,-122.208
11862,47.6838,-122.32700000000001
11863,47.7649,-122.205
11864,47.5775,-122.01899999999999
11865,47.4492,-122.15700000000001
11866,47.6385,-122.281
11867,47.431999999999995,-122.329
11868,47.3183,-122.382
11869,47.3828,-122.02600000000001
11870,47.451,-122.365
11871,47.6426,-122.15799999999999
11872,47.74100000000001,-122.234
11873,47.7359,-122.306
11874,47.3487,-122.021
11875,47.5253,-122.266
11876,47.6851,-122.322
11877,47.6412,-122.329
11878,47.4742,-121.76899999999999
11879,47.7538,-122.325
11880,47.534,-122.37299999999999
11881,47.4416,-122.149
11882,47.5751,-122.40700000000001
11883,47.5486,-122.27799999999999
11884,47.2883,-122.21799999999999
11885,47.6091,-122.147
11886,47.6884,-122.12799999999999
11887,47.3657,-122.17299999999999
11888,47.7722,-122.204
11889,47.6423,-122.361
11890,47.3554,-121.986
11891,47.4283,-122.323
11892,47.6924,-122.37200000000001
11893,47.4042,-122.205
11894,47.3379,-122.322
11895,47.2617,-122.19
11896,47.6319,-122.05
11897,47.56,-122.225
11898,47.3388,-122.03299999999999
11899,47.6187,-122.295
11900,47.4793,-122.18
11901,47.6495,-122.40100000000001
11902,47.4798,-122.13600000000001
11903,47.559,-122.365
11904,47.4463,-121.771
11905,47.7324,-121.963
11906,47.4831,-121.781
11907,47.6595,-122.186
11908,47.5846,-122.12
11909,47.6557,-122.348
11910,47.3735,-122.01799999999999
11911,47.4389,-122.116
11912,47.6282,-122.322
11913,47.7179,-122.113
11914,47.5427,-121.863
11915,47.6662,-122.056
11916,47.4944,-122.162
11917,47.6885,-122.38600000000001
11918,47.5007,-122.088
11919,47.3315,-122.265
11920,47.497,-122.346
11921,47.5998,-122.014
11922,47.6756,-122.275
11923,47.3473,-122.037
11924,47.5868,-121.97399999999999
11925,47.4492,-122.084
11926,47.5321,-122.354
11927,47.3086,-122.396
11928,47.3255,-122.305
11929,47.7219,-122.258
11930,47.7237,-122.07600000000001
11931,47.6895,-122.041
11932,47.5641,-122.16
11933,47.7718,-122.28299999999999
11934,47.7408,-122.101
11935,47.5182,-122.149
11936,47.6564,-122.325
11937,47.6944,-122.102
11938,47.6969,-122.384
11939,47.526,-121.82799999999999
11940,47.6242,-122.23899999999999
11941,47.6418,-122.15700000000001
11942,47.3325,-122.35
11943,47.6316,-121.988
11944,47.238,-122.039
11945,47.7189,-122.353
11946,47.515,-122.164
11947,47.5666,-121.999
11948,47.5066,-122.259
11949,47.705,-122.20100000000001
11950,47.5166,-122.361
11951,47.3425,-122.03
11952,47.7144,-122.319
11953,47.2975,-122.38
11954,47.6699,-122.31700000000001
11955,47.5532,-122.28
11956,47.6547,-122.34
11957,47.7743,-122.26
11958,47.7406,-122.11
11959,47.3325,-122.16799999999999
11960,47.6388,-122.064
11961,47.6759,-122.161
11962,47.5855,-122.383
11963,47.6389,-122.288
11964,47.5308,-121.84700000000001
11965,47.5695,-122.087
11966,47.6146,-122.306
11967,47.5919,-122.175
11968,47.6118,-122.024
11969,47.6601,-122.275
11970,47.5069,-122.189
11971,47.4569,-122.165
11972,47.7466,-122.249
11973,47.4558,-122.507
11974,47.5212,-122.339
11975,47.4096,-122.17
11976,47.7067,-122.354
11977,47.6169,-122.104
11978,47.6889,-122.12799999999999
11979,47.6573,-122.03399999999999
11980,47.6972,-122.116
11981,47.3141,-122.19200000000001
11982,47.5145,-122.39
11983,47.5388,-122.275
11984,47.5148,-122.38600000000001
11985,47.62,-122.12
11986,47.6425,-122.21799999999999
11987,47.7302,-122.10600000000001
11988,47.5414,-121.869
11989,47.4364,-122.28200000000001
11990,47.5333,-121.87
11991,47.5288,-121.846
11992,47.6447,-122.32700000000001
11993,47.6437,-122.321
11994,47.5976,-122.29799999999999
11995,47.2598,-122.311
11996,47.5872,-122.30799999999999
11997,47.7066,-122.11200000000001
11998,47.6789,-122.365
11999,47.7492,-122.336
12000,47.7061,-122.34700000000001
12001,47.2857,-122.3
12002,47.37,-122.29700000000001
12003,47.591,-122.01
12004,47.553999999999995,-122.095
12005,47.595,-122.04
12006,47.6201,-122.209
12007,47.6867,-122.275
12008,47.3482,-122.3
12009,47.6981,-122.325
12010,47.5356,-121.881
12011,47.6663,-122.35700000000001
12012,47.6496,-122.40299999999999
12013,47.5322,-122.391
12014,47.7149,-122.22200000000001
12015,47.6081,-122.289
12016,47.7134,-122.292
12017,47.6787,-122.285
12018,47.4712,-122.1
12019,47.4712,-122.1
12020,47.6783,-122.366
12021,47.6235,-122.309
12022,47.3604,-122.45700000000001
12023,47.5274,-122.384
12024,47.3107,-122.001
12025,47.3314,-122.275
12026,47.5541,-121.995
12027,47.4557,-122.348
12028,47.7235,-122.359
12029,47.3285,-122.16799999999999
12030,47.7443,-122.22
12031,47.5747,-122.40799999999999
12032,47.5706,-122.209
12033,47.4919,-122.365
12034,47.3497,-122.025
12035,47.4811,-122.325
12036,47.7285,-122.24
12037,47.3598,-122.15700000000001
12038,47.5377,-122.376
12039,47.6748,-122.352
12040,47.6105,-122.309
12041,47.5547,-122.178
12042,47.6747,-122.15100000000001
12043,47.6287,-122.09299999999999
12044,47.5746,-122.29299999999999
12045,47.718999999999994,-122.17299999999999
12046,47.6975,-122.35700000000001
12047,47.5671,-122.37899999999999
12048,47.4687,-121.749
12049,47.7374,-122.219
12050,47.6176,-122.14
12051,47.7079,-122.35799999999999
12052,47.2975,-122.223
12053,47.6315,-122.101
12054,47.6315,-122.101
12055,47.5497,-122.228
12056,47.6873,-122.314
12057,47.5643,-122.28399999999999
12058,47.5256,-122.37899999999999
12059,47.5339,-122.17399999999999
12060,47.6325,-122.37100000000001
12061,47.5153,-122.256
12062,47.6953,-121.914
12063,47.6554,-121.90799999999999
12064,47.6955,-122.09700000000001
12065,47.5263,-121.809
12066,47.5374,-122.19200000000001
12067,47.3206,-122.39399999999999
12068,47.4804,-122.15700000000001
12069,47.5599,-122.37799999999999
12070,47.7562,-122.073
12071,47.3738,-122.214
12072,47.5001,-122.338
12073,47.3378,-122.26299999999999
12074,47.7308,-122.18
12075,47.2933,-122.195
12076,47.3922,-122.165
12077,47.3666,-122.089
12078,47.6454,-121.978
12079,47.6773,-122.178
12080,47.7255,-122.164
12081,47.466,-122.45200000000001
12082,47.6261,-122.04700000000001
12083,47.4579,-122.17
12084,47.5932,-122.17200000000001
12085,47.6988,-122.35799999999999
12086,47.5175,-122.346
12087,47.4686,-121.98899999999999
12088,47.5842,-122.111
12089,47.5396,-122.368
12090,47.7082,-122.015
12091,47.7347,-122.236
12092,47.6351,-122.36399999999999
12093,47.5719,-122.385
12094,47.7252,-122.29700000000001
12095,47.721000000000004,-122.182
12096,47.7005,-122.314
12097,47.7583,-122.302
12098,47.5191,-122.339
12099,47.3503,-122.042
12100,47.693999999999996,-122.33200000000001
12101,47.2798,-122.303
12102,47.4754,-122.09
12103,47.5689,-122.126
12104,47.2568,-122.07
12105,47.5592,-122.273
12106,47.7417,-122.17200000000001
12107,47.7594,-122.361
12108,47.398,-122.081
12109,47.496,-122.34899999999999
12110,47.496,-122.34899999999999
12111,47.5579,-122.12899999999999
12112,47.4361,-122.469
12113,47.3389,-122.066
12114,47.3398,-122.286
12115,47.4653,-121.745
12116,47.7297,-122.32600000000001
12117,47.3637,-121.955
12118,47.6638,-122.292
12119,47.3285,-122.32799999999999
12120,47.6717,-122.184
12121,47.6882,-122.306
12122,47.6711,-122.38600000000001
12123,47.5558,-122.363
12124,47.6074,-122.29899999999999
12125,47.5907,-122.086
12126,47.7716,-122.101
12127,47.5305,-122.04700000000001
12128,47.6893,-122.38799999999999
12129,47.5713,-122.39399999999999
12130,47.5664,-122.124
12131,47.3106,-122.116
12132,47.7438,-122.32799999999999
12133,47.205,-121.99600000000001
12134,47.3037,-122.10700000000001
12135,47.4473,-121.774
12136,47.58,-122.29
12137,47.6232,-122.21
12138,47.556999999999995,-122.306
12139,47.6295,-122.346
12140,47.5119,-122.38600000000001
12141,47.6023,-122.12299999999999
12142,47.646,-122.363
12143,47.5819,-122.126
12144,47.5177,-122.266
12145,47.6326,-122.015
12146,47.5092,-122.195
12147,47.4694,-122.069
12148,47.6709,-122.167
12149,47.5929,-121.98899999999999
12150,47.333,-122.17200000000001
12151,47.2703,-122.31200000000001
12152,47.5066,-122.194
12153,47.7222,-122.33200000000001
12154,47.5841,-122.295
12155,47.4878,-122.324
12156,47.3657,-122.152
12157,47.4395,-122.15100000000001
12158,47.4434,-122.28299999999999
12159,47.7344,-121.986
12160,47.7753,-122.359
12161,47.7307,-122.23899999999999
12162,47.6335,-122.196
12163,47.7455,-122.073
12164,47.3724,-122.104
12165,47.6594,-122.397
12166,47.4828,-121.73
12167,47.7466,-122.355
12168,47.3837,-122.304
12169,47.4206,-122.18299999999999
12170,47.58600000000001,-122.12
12171,47.6608,-122.359
12172,47.463,-122.008
12173,47.4222,-122.318
12174,47.6224,-122.215
12175,47.7563,-122.147
12176,47.6134,-122.28200000000001
12177,47.4906,-122.306
12178,47.773999999999994,-122.384
12179,47.2396,-121.993
12180,47.3448,-122.29799999999999
12181,47.6339,-122.02600000000001
12182,47.6658,-122.355
12183,47.6075,-122.01700000000001
12184,47.7297,-122.219
12185,47.6599,-122.146
12186,47.3687,-122.182
12187,47.583,-122.37899999999999
12188,47.6379,-122.4
12189,47.6969,-122.338
12190,47.7108,-122.277
12191,47.4676,-122.296
12192,47.6466,-122.391
12193,47.6599,-122.363
12194,47.5745,-122.311
12195,47.7296,-122.28399999999999
12196,47.2951,-122.28399999999999
12197,47.2951,-122.28399999999999
12198,47.5641,-122.03200000000001
12199,47.6404,-122.171
12200,47.3596,-122.036
12201,47.567,-122.273
12202,47.4942,-122.166
12203,47.6819,-122.389
12204,47.7061,-122.34
12205,47.5885,-122.199
12206,47.6324,-122.11
12207,47.3722,-122.30799999999999
12208,47.5346,-121.881
12209,47.542,-121.792
12210,47.7117,-122.286
12211,47.5188,-122.376
12212,47.3904,-122.3
12213,47.5929,-122.29
12214,47.3644,-122.2
12215,47.4832,-122.181
12216,47.768,-122.251
12217,47.4617,-122.15899999999999
12218,47.7548,-122.31700000000001
12219,47.4176,-122.34299999999999
12220,47.6896,-122.307
12221,47.7434,-122.17399999999999
12222,47.7311,-122.204
12223,47.6085,-122.01299999999999
12224,47.6672,-122.40899999999999
12225,47.6206,-122.056
12226,47.5177,-122.353
12227,47.5388,-121.87
12228,47.5564,-122.27799999999999
12229,47.333999999999996,-122.3
12230,47.3731,-122.17200000000001
12231,47.5817,-122.007
12232,47.703,-122.28
12233,47.6744,-122.383
12234,47.7028,-122.01299999999999
12235,47.4577,-122.171
12236,47.6384,-122.17399999999999
12237,47.589,-122.165
12238,47.7313,-121.971
12239,47.7741,-122.12200000000001
12240,47.3019,-122.21600000000001
12241,47.6078,-122.12799999999999
12242,47.6838,-122.323
12243,47.5496,-122.385
12244,47.547,-122.219
12245,47.7133,-122.21700000000001
12246,47.7291,-122.339
12247,47.3898,-122.154
12248,47.4912,-122.145
12249,47.4293,-122.15100000000001
12250,47.7207,-122.22200000000001
12251,47.6634,-122.14399999999999
12252,47.5428,-121.861
12253,47.3397,-122.322
12254,47.7578,-122.094
12255,47.5902,-122.01799999999999
12256,47.6972,-122.34899999999999
12257,47.5058,-122.384
12258,47.6692,-122.15100000000001
12259,47.5237,-122.376
12260,47.5917,-122.296
12261,47.1776,-121.944
12262,47.7213,-122.11
12263,47.7311,-122.226
12264,47.5872,-122.196
12265,47.5825,-122.242
12266,47.375,-122.227
12267,47.5723,-122.382
12268,47.6802,-122.361
12269,47.6706,-122.3
12270,47.6946,-122.185
12271,47.5632,-122.215
12272,47.692,-122.09899999999999
12273,47.7393,-122.181
12274,47.6217,-122.198
12275,47.6237,-122.228
12276,47.5118,-122.348
12277,47.3438,-122.037
12278,47.3557,-122.02600000000001
12279,47.5134,-122.38799999999999
12280,47.6727,-122.33
12281,47.2752,-122.251
12282,47.7227,-122.179
12283,47.6176,-122.223
12284,47.2763,-122.257
12285,47.5617,-122.134
12286,47.5522,-122.103
12287,47.7132,-122.334
12288,47.5697,-122.219
12289,47.7199,-122.025
12290,47.7728,-122.38600000000001
12291,47.5316,-122.056
12292,47.36600000000001,-122.09299999999999
12293,47.6344,-122.126
12294,47.7758,-122.238
12295,47.431999999999995,-122.189
12296,47.6727,-122.397
12297,47.3927,-122.194
12298,47.5525,-122.3
12299,47.6748,-122.352
12300,47.7672,-122.348
12301,47.6864,-122.365
12302,47.4571,-122.17
12303,47.5581,-122.213
12304,47.495,-122.155
12305,47.6124,-122.314
12306,47.3474,-122.037
12307,47.6398,-121.985
12308,47.5765,-122.154
12309,47.3935,-122.3
12310,47.747,-122.301
12311,47.4911,-122.154
12312,47.5206,-122.363
12313,47.5842,-122.045
12314,47.6303,-122.065
12315,47.7671,-122.26299999999999
12316,47.266999999999996,-122.31
12317,47.6336,-122.19200000000001
12318,47.4756,-122.17399999999999
12319,47.5027,-122.381
12320,47.6819,-122.287
12321,47.6819,-122.287
12322,47.5551,-122.292
12323,47.5597,-121.85
12324,47.6109,-122.285
12325,47.7064,-122.22399999999999
12326,47.5238,-122.35
12327,47.5238,-122.35
12328,47.3231,-122.215
12329,47.6702,-122.36399999999999
12330,47.6988,-121.915
12331,47.3864,-122.22
12332,47.7637,-122.266
12333,47.3557,-122.016
12334,47.6232,-122.04299999999999
12335,47.7382,-122.287
12336,47.4787,-122.12799999999999
12337,47.5928,-122.29
12338,47.6209,-122.21600000000001
12339,47.6705,-122.34
12340,47.6991,-122.196
12341,47.5498,-122.355
12342,47.5314,-122.04700000000001
12343,47.3369,-122.32
12344,47.6807,-122.36399999999999
12345,47.6644,-122.13
12346,47.3506,-122.006
12347,47.4034,-122.176
12348,47.696999999999996,-122.199
12349,47.7611,-122.351
12350,47.5015,-122.35
12351,47.50100000000001,-122.463
12352,47.6388,-122.149
12353,47.5323,-122.238
12354,47.3256,-122.37799999999999
12355,47.4378,-122.16
12356,47.3853,-122.02799999999999
12357,47.6807,-122.318
12358,47.5692,-122.189
12359,47.5872,-122.241
12360,47.6454,-122.354
12361,47.3173,-122.31700000000001
12362,47.6637,-122.316
12363,47.2925,-122.10700000000001
12364,47.3168,-122.079
12365,47.5238,-122.35600000000001
12366,47.5238,-122.35600000000001
12367,47.684,-122.34100000000001
12368,47.7063,-122.34200000000001
12369,47.5708,-122.405
12370,47.4018,-122.037
12371,47.2899,-122.19200000000001
12372,47.6416,-122.361
12373,47.5683,-122.09100000000001
12374,47.7097,-122.21600000000001
12375,47.7479,-121.97200000000001
12376,47.7114,-122.28399999999999
12377,47.7114,-122.28399999999999
12378,47.5946,-122.006
12379,47.65600000000001,-122.134
12380,47.4899,-122.339
12381,47.2659,-122.215
12382,47.42,-122.31700000000001
12383,47.6647,-122.14200000000001
12384,47.5827,-122.197
12385,47.5636,-122.316
12386,47.5618,-122.176
12387,47.5067,-122.164
12388,47.5516,-122.03
12389,47.3635,-122.052
12390,47.3519,-122.14
12391,47.5232,-122.375
12392,47.534,-122.17200000000001
12393,47.3086,-122.32799999999999
12394,47.6882,-122.184
12395,47.5364,-122.365
12396,47.7052,-122.346
12397,47.3417,-122.281
12398,47.5633,-122.21799999999999
12399,47.3344,-122.28
12400,47.6746,-122.32
12401,47.5824,-122.384
12402,47.6781,-122.374
12403,47.7281,-122.335
12404,47.5677,-122.086
12405,47.5138,-122.36399999999999
12406,47.5138,-122.36399999999999
12407,47.4845,-122.331
12408,47.5778,-122.389
12409,47.4556,-122.209
12410,47.4875,-122.255
12411,47.4596,-122.065
12412,47.6497,-122.21700000000001
12413,47.6685,-122.40899999999999
12414,47.4549,-122.363
12415,47.4901,-122.185
12416,47.53100000000001,-122.37299999999999
12417,47.5878,-121.969
12418,47.6942,-122.315
12419,47.7174,-122.30799999999999
12420,47.5217,-122.05
12421,47.7587,-122.274
12422,47.455,-122.35
12423,47.455,-122.35
12424,47.3629,-122.02600000000001
12425,47.7441,-122.17299999999999
12426,47.6794,-122.351
12427,47.5855,-122.031
12428,47.54,-122.26700000000001
12429,47.5081,-122.385
12430,47.7052,-122.346
12431,47.3746,-122.149
12432,47.5449,-122.215
12433,47.6752,-122.281
12434,47.5774,-122.054
12435,47.3638,-122.09100000000001
12436,47.7414,-122.315
12437,47.5692,-122.006
12438,47.4428,-122.134
12439,47.3752,-122.029
12440,47.4722,-122.001
12441,47.7712,-122.29899999999999
12442,47.7317,-122.34299999999999
12443,47.5198,-122.156
12444,47.6917,-122.34100000000001
12445,47.6944,-122.175
12446,47.6353,-122.124
12447,47.5924,-122.287
12448,47.6359,-121.94
12449,47.4891,-122.26299999999999
12450,47.6829,-122.4
12451,47.6481,-122.081
12452,47.5192,-122.046
12453,47.4962,-122.242
12454,47.3268,-122.38799999999999
12455,47.6278,-122.10799999999999
12456,47.6403,-121.992
12457,47.7356,-121.959
12458,47.4299,-122.199
12459,47.5418,-122.287
12460,47.2901,-122.279
12461,47.6949,-122.119
12462,47.7394,-122.25200000000001
12463,47.6449,-122.059
12464,47.3422,-122.089
12465,47.5026,-122.17200000000001
12466,47.5284,-122.265
12467,47.7018,-122.189
12468,47.266999999999996,-122.31200000000001
12469,47.4928,-122.229
12470,47.5593,-122.016
12471,47.6793,-122.319
12472,47.6946,-122.35700000000001
12473,47.4778,-122.288
12474,47.3505,-122.305
12475,47.7015,-122.301
12476,47.6604,-122.324
12477,47.6631,-122.365
12478,47.6817,-122.36
12479,47.4485,-122.27799999999999
12480,47.5406,-121.887
12481,47.2881,-122.086
12482,47.5791,-122.39200000000001
12483,47.6095,-122.12200000000001
12484,47.6639,-122.36399999999999
12485,47.3849,-122.163
12486,47.742,-122.208
12487,47.6985,-122.36399999999999
12488,47.2976,-122.37700000000001
12489,47.663000000000004,-122.335
12490,47.5866,-122.389
12491,47.3426,-122.321
12492,47.5095,-122.193
12493,47.5692,-122.021
12494,47.7558,-122.14200000000001
12495,47.558,-122.277
12496,47.2649,-122.285
12497,47.6332,-122.199
12498,47.3713,-122.09100000000001
12499,47.3457,-122.041
12500,47.3746,-122.18299999999999
12501,47.7,-122.375
12502,47.5484,-122.27799999999999
12503,47.5875,-122.24
12504,47.7142,-122.03299999999999
12505,47.57899999999999,-122.28399999999999
12506,47.3817,-122.035
12507,47.7499,-122.111
12508,47.7216,-122.28200000000001
12509,47.583999999999996,-122.198
12510,47.4973,-122.34100000000001
12511,47.3666,-122.119
12512,47.349,-122.036
12513,47.6365,-122.361
12514,47.6136,-122.12100000000001
12515,47.5672,-122.37200000000001
12516,47.4941,-122.31200000000001
12517,47.2616,-122.251
12518,47.6869,-122.126
12519,47.676,-122.30799999999999
12520,47.6652,-122.338
12521,47.532,-122.05
12522,47.6192,-122.316
12523,47.4153,-122.184
12524,47.5876,-122.193
12525,47.3837,-122.307
12526,47.4645,-122.196
12527,47.6829,-122.195
12528,47.7222,-122.10799999999999
12529,47.6461,-122.35700000000001
12530,47.6316,-122.303
12531,47.5927,-122.306
12532,47.6511,-122.405
12533,47.5529,-122.02600000000001
12534,47.4943,-122.337
12535,47.6422,-122.36
12536,47.6522,-121.96600000000001
12537,47.7336,-122.339
12538,47.57100000000001,-122.391
12539,47.7351,-122.178
12540,47.5509,-122.366
12541,47.777,-122.307
12542,47.3098,-122.381
12543,47.5654,-122.09200000000001
12544,47.4543,-122.125
12545,47.5089,-122.346
12546,47.7772,-122.35700000000001
12547,47.5643,-122.38
12548,47.3043,-122.34299999999999
12549,47.7005,-122.23200000000001
12550,47.6208,-122.141
12551,47.6911,-122.054
12552,47.5893,-122.29899999999999
12553,47.4934,-122.17299999999999
12554,47.5551,-122.396
12555,47.7076,-122.35600000000001
12556,47.6451,-122.387
12557,47.6118,-122.169
12558,47.5565,-122.37700000000001
12559,47.5392,-122.186
12560,47.5741,-122.414
12561,47.7307,-122.29700000000001
12562,47.3251,-122.26799999999999
12563,47.6313,-122.008
12564,47.5074,-122.163
12565,47.6422,-122.15700000000001
12566,47.5519,-122.292
12567,47.4903,-122.245
12568,47.479,-122.35600000000001
12569,47.6494,-122.395
12570,47.5474,-122.38799999999999
12571,47.6325,-121.97
12572,47.5434,-122.175
12573,47.5345,-122.179
12574,47.5539,-122.10799999999999
12575,47.7103,-122.027
12576,47.6465,-122.395
12577,47.6832,-121.90700000000001
12578,47.6448,-122.35799999999999
12579,47.5866,-122.116
12580,47.6811,-122.28299999999999
12581,47.5435,-121.88799999999999
12582,47.481,-122.292
12583,47.761,-122.307
12584,47.4779,-122.161
12585,47.3657,-122.021
12586,47.3551,-122.148
12587,47.7661,-122.306
12588,47.6262,-121.96
12589,47.3199,-122.1
12590,47.3352,-122.307
12591,47.6916,-121.916
12592,47.5471,-122.016
12593,47.6684,-122.319
12594,47.4377,-122.132
12595,47.5222,-121.874
12596,47.5432,-122.277
12597,47.6418,-122.39200000000001
12598,47.3262,-122.34200000000001
12599,47.7148,-122.28200000000001
12600,47.3054,-122.37100000000001
12601,47.6092,-122.073
12602,47.6649,-122.135
12603,47.5575,-122.3
12604,47.7057,-122.36
12605,47.646,-122.36200000000001
12606,47.55,-122.272
12607,47.7564,-122.316
12608,47.5302,-122.147
12609,47.6016,-122.12299999999999
12610,47.5874,-122.13600000000001
12611,47.5101,-122.259
12612,47.5531,-121.99600000000001
12613,47.1923,-122.014
12614,47.3491,-122.02
12615,47.6471,-122.03
12616,47.6304,-122.09700000000001
12617,47.4619,-122.344
12618,47.4233,-122.198
12619,47.7642,-122.195
12620,47.6016,-122.074
12621,47.6916,-122.36200000000001
12622,47.7621,-122.12700000000001
12623,47.3273,-122.37
12624,47.7445,-122.214
12625,47.5591,-122.26700000000001
12626,47.2041,-122.021
12627,47.6175,-122.118
12628,47.6096,-122.132
12629,47.5962,-122.015
12630,47.6912,-122.334
12631,47.4149,-122.181
12632,47.5292,-122.36200000000001
12633,47.6117,-122.301
12634,47.5849,-122.051
12635,47.3528,-122.041
12636,47.623999999999995,-122.221
12637,47.7282,-122.225
12638,47.6353,-122.353
12639,47.6237,-122.21
12640,47.3705,-122.131
12641,47.7196,-122.024
12642,47.5981,-122.03
12643,47.6786,-122.389
12644,47.6279,-122.315
12645,47.7713,-122.265
12646,47.3294,-122.331
12647,47.7771,-122.339
12648,47.6876,-122.038
12649,47.49800000000001,-122.17
12650,47.3574,-122.15799999999999
12651,47.3617,-122.30799999999999
12652,47.691,-122.113
12653,47.7439,-122.333
12654,47.6011,-122.124
12655,47.5294,-122.279
12656,47.1647,-121.973
12657,47.7506,-122.37200000000001
12658,47.6701,-122.288
12659,47.7422,-122.09700000000001
12660,47.6996,-122.20299999999999
12661,47.6187,-122.044
12662,47.4807,-122.182
12663,47.5609,-122.15
12664,47.5719,-121.914
12665,47.3779,-122.045
12666,47.5488,-122.287
12667,47.6718,-122.044
12668,47.2887,-122.351
12669,47.5708,-122.212
12670,47.6438,-122.37299999999999
12671,47.6574,-122.12799999999999
12672,47.7288,-122.331
12673,47.4169,-122.316
12674,47.3643,-122.111
12675,47.5676,-122.177
12676,47.6725,-122.396
12677,47.7076,-122.27600000000001
12678,47.5606,-122.184
12679,47.6234,-122.113
12680,47.51600000000001,-122.20299999999999
12681,47.497,-122.369
12682,47.3186,-122.331
12683,47.5816,-122.197
12684,47.6441,-121.96
12685,47.4116,-122.29299999999999
12686,47.3639,-122.04799999999999
12687,47.7353,-122.22200000000001
12688,47.675,-122.39299999999999
12689,47.5723,-122.376
12690,47.6823,-122.38799999999999
12691,47.6657,-122.178
12692,47.643,-122.29899999999999
12693,47.6938,-122.31
12694,47.4956,-122.321
12695,47.5317,-122.04700000000001
12696,47.6833,-122.395
12697,47.4947,-122.23299999999999
12698,47.5232,-122.191
12699,47.6342,-122.117
12700,47.62300000000001,-122.21799999999999
12701,47.5376,-122.292
12702,47.573,-122.395
12703,47.5766,-122.147
12704,47.353,-122.272
12705,47.4846,-122.06700000000001
12706,47.4106,-122.204
12707,47.4135,-122.18
12708,47.7139,-122.223
12709,47.7451,-121.98
12710,47.4833,-122.23700000000001
12711,47.5231,-122.33200000000001
12712,47.3817,-122.023
12713,47.4777,-122.1
12714,47.7685,-122.15899999999999
12715,47.6207,-122.295
12716,47.7317,-122.354
12717,47.5688,-122.31700000000001
12718,47.6815,-122.359
12719,47.5238,-122.287
12720,47.6853,-122.204
12721,47.51,-122.323
12722,47.5403,-122.175
12723,47.7322,-122.3
12724,47.5041,-122.102
12725,47.3669,-122.288
12726,47.3079,-122.34100000000001
12727,47.5381,-121.88799999999999
12728,47.69300000000001,-122.383
12729,47.328,-122.337
12730,47.5776,-122.289
12731,47.5586,-122.134
12732,47.405,-122.288
12733,47.7085,-122.28299999999999
12734,47.7156,-122.291
12735,47.57100000000001,-122.374
12736,47.568999999999996,-122.175
12737,47.4632,-122.209
12738,47.5514,-122.266
12739,47.6208,-122.09899999999999
12740,47.2842,-122.198
12741,47.2485,-122.101
12742,47.5339,-122.37200000000001
12743,47.6698,-122.044
12744,47.6729,-122.383
12745,47.4911,-122.13799999999999
12746,47.6059,-122.12100000000001
12747,47.5487,-122.376
12748,47.695,-121.915
12749,47.7253,-122.164
12750,47.7306,-122.23299999999999
12751,47.5958,-122.29899999999999
12752,47.7302,-122.291
12753,47.693999999999996,-122.29
12754,47.5381,-121.89
12755,47.3467,-122.304
12756,47.6783,-122.383
12757,47.6242,-122.04
12758,47.4973,-122.26799999999999
12759,47.6301,-122.10700000000001
12760,47.6314,-121.96799999999999
12761,47.4357,-122.16799999999999
12762,47.4984,-122.24
12763,47.6168,-122.303
12764,47.6675,-121.986
12765,47.3432,-122.316
12766,47.5627,-122.01799999999999
12767,47.4924,-122.17399999999999
12768,47.4906,-122.244
12769,47.4513,-122.12799999999999
12770,47.4655,-122.072
12771,47.7711,-122.041
12772,47.6345,-122.12299999999999
12773,47.5631,-122.219
12774,47.5176,-122.376
12775,47.5514,-122.35700000000001
12776,47.5305,-121.84100000000001
12777,47.3279,-122.13600000000001
12778,47.7228,-122.314
12779,47.7032,-122.286
12780,47.3592,-122.315
12781,47.6375,-122.17299999999999
12782,47.5933,-121.98200000000001
12783,47.5124,-122.165
12784,47.6544,-122.38600000000001
12785,47.4296,-122.185
12786,47.5714,-122.005
12787,47.3772,-122.12700000000001
12788,47.4118,-122.089
12789,47.369,-122.126
12790,47.5269,-122.314
12791,47.5285,-122.37200000000001
12792,47.6699,-122.369
12793,47.53100000000001,-121.86
12794,47.6821,-122.30799999999999
12795,47.5335,-121.869
12796,47.4383,-122.193
12797,47.7617,-122.335
12798,47.6353,-122.23200000000001
12799,47.718,-122.355
12800,47.702,-121.89200000000001
12801,47.5759,-122.012
12802,47.5237,-122.353
12803,47.5798,-122.294
12804,47.4331,-122.195
12805,47.6366,-122.36200000000001
12806,47.4815,-122.226
12807,47.5911,-122.133
12808,47.4848,-121.698
12809,47.5454,-122.19200000000001
12810,47.6836,-122.17399999999999
12811,47.44600000000001,-122.175
12812,47.5085,-122.385
12813,47.6295,-122.21700000000001
12814,47.595,-122.20299999999999
12815,47.3511,-122.05799999999999
12816,47.5962,-122.01799999999999
12817,47.2972,-122.26700000000001
12818,47.7675,-122.277
12819,47.7735,-122.133
12820,47.7735,-122.133
12821,47.2756,-122.27
12822,47.5094,-122.31
12823,47.7553,-122.28299999999999
12824,47.5852,-122.391
12825,47.6205,-122.141
12826,47.3127,-122.00200000000001
12827,47.6946,-122.211
12828,47.698,-122.34899999999999
12829,47.4024,-122.21600000000001
12830,47.6036,-122.305
12831,47.2642,-122.18700000000001
12832,47.6842,-122.155
12833,47.5953,-122.039
12834,47.3546,-122.081
12835,47.4034,-122.178
12836,47.5322,-122.37899999999999
12837,47.5755,-122.21600000000001
12838,47.479,-122.15299999999999
12839,47.3581,-122.31700000000001
12840,47.4362,-122.165
12841,47.63,-122.363
12842,47.483000000000004,-122.164
12843,47.5107,-122.17200000000001
12844,47.4804,-122.229
12845,47.5725,-122.383
12846,47.4916,-122.162
12847,47.7174,-122.236
12848,47.4648,-121.757
12849,47.4703,-122.015
12850,47.3654,-122.08200000000001
12851,47.507,-122.242
12852,47.3731,-122.43
12853,47.3618,-122.074
12854,47.7153,-122.211
12855,47.32,-122.27799999999999
12856,47.5671,-122.37
12857,47.7282,-122.337
12858,47.6066,-122.19200000000001
12859,47.5552,-122.23100000000001
12860,47.5015,-122.262
12861,47.5068,-122.259
12862,47.7703,-122.31200000000001
12863,47.7763,-122.305
12864,47.5719,-122.007
12865,47.7401,-122.348
12866,47.6726,-122.294
12867,47.7314,-122.225
12868,47.6948,-122.322
12869,47.5421,-122.38799999999999
12870,47.6775,-122.18
12871,47.5951,-122.206
12872,47.6617,-122.289
12873,47.7663,-122.20100000000001
12874,47.4837,-122.13799999999999
12875,47.5462,-122.32
12876,47.5042,-122.329
12877,47.7167,-122.23299999999999
12878,47.5681,-122.12799999999999
12879,47.4989,-122.31700000000001
12880,47.46,-122.17399999999999
12881,47.5122,-122.374
12882,47.4553,-121.98700000000001
12883,47.6499,-121.916
12884,47.5828,-122.044
12885,47.5217,-122.182
12886,47.5523,-122.37200000000001
12887,47.4497,-122.16799999999999
12888,47.6528,-122.20299999999999
12889,47.4483,-122.12899999999999
12890,47.3079,-122.39299999999999
12891,47.5404,-122.352
12892,47.6961,-122.316
12893,47.591,-122.29299999999999
12894,47.5305,-122.353
12895,47.6768,-122.367
12896,47.7183,-122.213
12897,47.6715,-122.365
12898,47.7467,-122.132
12899,47.3461,-122.152
12900,47.5453,-122.363
12901,47.7193,-122.361
12902,47.4735,-122.189
12903,47.6484,-122.08
12904,47.4527,-122.352
12905,47.669,-122.28200000000001
12906,47.2303,-121.936
12907,47.7112,-122.35700000000001
12908,47.7112,-122.35700000000001
12909,47.3155,-122.365
12910,47.4816,-121.714
12911,47.6772,-122.056
12912,47.5348,-122.053
12913,47.7484,-122.353
12914,47.353,-122.294
12915,47.7352,-122.337
12916,47.573,-122.38
12917,47.4658,-122.17200000000001
12918,47.6312,-122.061
12919,47.5934,-122.39
12920,47.7643,-122.273
12921,47.4831,-122.296
12922,47.3571,-122.324
12923,47.373999999999995,-122.125
12924,47.5072,-122.257
12925,47.7277,-122.185
12926,47.4594,-122.279
12927,47.7399,-122.33200000000001
12928,47.3969,-122.205
12929,47.4413,-122.277
12930,47.481,-121.788
12931,47.549,-122.37200000000001
12932,47.7598,-122.359
12933,47.4989,-122.329
12934,47.3063,-122.27
12935,47.7065,-122.13
12936,47.2654,-122.21700000000001
12937,47.2558,-122.12200000000001
12938,47.2507,-122.039
12939,47.7685,-122.162
12940,47.7344,-122.17299999999999
12941,47.5514,-122.28399999999999
12942,47.2729,-122.29899999999999
12943,47.2729,-122.29899999999999
12944,47.2869,-122.36
12945,47.7397,-122.316
12946,47.7775,-122.365
12947,47.3148,-122.35
12948,47.5067,-122.197
12949,47.5997,-122.31200000000001
12950,47.3179,-122.33
12951,47.3837,-122.15799999999999
12952,47.6088,-122.193
12953,47.4345,-122.198
12954,47.6371,-122.12299999999999
12955,47.4887,-122.15
12956,47.7411,-122.34700000000001
12957,47.5814,-122.00299999999999
12958,47.3099,-122.206
12959,47.6333,-122.36200000000001
12960,47.6801,-122.11399999999999
12961,47.7658,-122.37
12962,47.4913,-122.318
12963,47.6677,-122.321
12964,47.6746,-122.164
12965,47.5101,-122.391
12966,47.3528,-122.26700000000001
12967,47.5324,-122.272
12968,47.5164,-122.26700000000001
12969,47.7617,-122.11
12970,47.4473,-122.205
12971,47.3038,-122.36200000000001
12972,47.3296,-122.256
12973,47.4516,-122.175
12974,47.7287,-122.311
12975,47.49,-122.191
12976,47.3058,-122.39399999999999
12977,47.4736,-121.73100000000001
12978,47.7451,-122.339
12979,47.6651,-122.15100000000001
12980,47.3717,-122.29700000000001
12981,47.5828,-122.291
12982,47.2984,-122.385
12983,47.3943,-122.196
12984,47.6911,-122.39200000000001
12985,47.5895,-122.01899999999999
12986,47.4406,-122.139
12987,47.5139,-122.18700000000001
12988,47.6754,-122.325
12989,47.6591,-122.147
12990,47.7065,-122.37
12991,47.7032,-122.37100000000001
12992,47.68600000000001,-122.374
12993,47.1622,-121.971
12994,47.3126,-122.346
12995,47.5218,-122.35799999999999
12996,47.4907,-122.167
12997,47.6834,-122.366
12998,47.7368,-122.23100000000001
12999,47.5994,-122.01899999999999
13000,47.5286,-122.368
13001,47.6951,-122.366
13002,47.7543,-122.344
13003,47.7248,-122.179
13004,47.3775,-122.319
13005,47.7207,-122.32
13006,47.7304,-122.352
13007,47.6349,-122.29
13008,47.3552,-122.014
13009,47.5675,-122.016
13010,47.2979,-122.37899999999999
13011,47.2979,-122.37899999999999
13012,47.4439,-122.19
13013,47.6891,-122.20299999999999
13014,47.6395,-122.05
13015,47.6112,-122.29299999999999
13016,47.6124,-122.009
13017,47.5066,-122.15899999999999
13018,47.3745,-122.12700000000001
13019,47.6303,-121.99
13020,47.6955,-122.35700000000001
13021,47.699,-122.35
13022,47.6492,-121.915
13023,47.291000000000004,-122.118
13024,47.7758,-122.37899999999999
13025,47.7425,-122.089
13026,47.5569,-122.29799999999999
13027,47.4096,-122.449
13028,47.6624,-122.348
13029,47.7637,-122.134
13030,47.3832,-122.3
13031,47.5874,-122.311
13032,47.7211,-122.33
13033,47.6328,-122.064
13034,47.7756,-122.37200000000001
13035,47.6382,-122.368
13036,47.6983,-122.12700000000001
13037,47.7718,-122.381
13038,47.7242,-121.95100000000001
13039,47.3632,-122.061
13040,47.6914,-122.30799999999999
13041,47.7017,-122.12700000000001
13042,47.7635,-122.044
13043,47.5158,-122.385
13044,47.5144,-122.368
13045,47.5222,-122.37
13046,47.4478,-122.15700000000001
13047,47.4935,-122.321
13048,47.5488,-122.171
13049,47.5615,-122.272
13050,47.3443,-122.073
13051,47.4587,-121.99600000000001
13052,47.5817,-122.291
13053,47.6798,-122.348
13054,47.4105,-122.18
13055,47.56,-122.161
13056,47.6782,-122.3
13057,47.3761,-122.32
13058,47.6352,-122.29
13059,47.7105,-121.316
13060,47.5574,-122.30799999999999
13061,47.5183,-122.266
13062,47.6645,-122.35700000000001
13063,47.6364,-122.351
13064,47.746,-122.296
13065,47.5611,-122.03200000000001
13066,47.73,-122.21600000000001
13067,47.5972,-122.295
13068,47.646,-122.068
13069,47.7095,-122.35
13070,47.5895,-122.385
13071,47.53100000000001,-122.204
13072,47.6046,-122.16799999999999
13073,47.6351,-122.06
13074,47.5279,-122.345
13075,47.6767,-122.35
13076,47.428999999999995,-122.162
13077,47.5371,-122.368
13078,47.5862,-122.20200000000001
13079,47.6763,-122.02799999999999
13080,47.7121,-122.333
13081,47.6681,-122.324
13082,47.5558,-122.26899999999999
13083,47.3451,-122.094
13084,47.5819,-122.125
13085,47.1959,-122.01
13086,47.4839,-122.34100000000001
13087,47.4541,-122.117
13088,47.5149,-122.257
13089,47.4777,-122.212
13090,47.6666,-122.367
13091,47.6876,-122.38
13092,47.4897,-121.787
13093,47.7557,-122.22
13094,47.5909,-122.384
13095,47.3493,-122.03399999999999
13096,47.6873,-122.286
13097,47.6973,-122.205
13098,47.4817,-122.09700000000001
13099,47.7362,-122.314
13100,47.5923,-122.29799999999999
13101,47.4158,-122.00200000000001
13102,47.6765,-122.381
13103,47.4472,-122.09200000000001
13104,47.4424,-122.344
13105,47.5044,-122.245
13106,47.4751,-122.145
13107,47.52,-122.338
13108,47.6904,-122.395
13109,47.1903,-122.01299999999999
13110,47.38,-122.01100000000001
13111,47.4518,-122.12
13112,47.4033,-122.18700000000001
13113,47.3469,-122.195
13114,47.6754,-122.12100000000001
13115,47.5307,-122.054
13116,47.678999999999995,-122.319
13117,47.5331,-122.384
13118,47.3595,-122.089
13119,47.7502,-122.353
13120,47.6653,-122.272
13121,47.5336,-122.223
13122,47.5214,-122.191
13123,47.6936,-122.186
13124,47.2585,-121.925
13125,47.4821,-122.10799999999999
13126,47.5318,-122.055
13127,47.4224,-122.289
13128,47.6285,-122.054
13129,47.3665,-122.27600000000001
13130,47.7379,-121.96600000000001
13131,47.687,-122.389
13132,47.4633,-122.196
13133,47.5367,-122.06700000000001
13134,47.4831,-122.191
13135,47.6789,-122.397
13136,47.7766,-122.307
13137,47.3078,-122.35799999999999
13138,47.5212,-122.37100000000001
13139,47.7628,-122.12299999999999
13140,47.6315,-122.28200000000001
13141,47.7377,-122.197
13142,47.2838,-122.12100000000001
13143,47.6772,-122.285
13144,47.6348,-122.118
13145,47.7128,-122.306
13146,47.4472,-122.16
13147,47.4741,-122.015
13148,47.6947,-122.303
13149,47.7703,-122.336
13150,47.5075,-122.389
13151,47.5304,-122.38
13152,47.7508,-122.17
13153,47.4821,-122.01700000000001
13154,47.6363,-122.025
13155,47.4562,-122.016
13156,47.5695,-122.376
13157,47.6529,-121.979
13158,47.7492,-122.086
13159,47.7191,-122.309
13160,47.5307,-122.352
13161,47.7189,-122.181
13162,47.6706,-122.265
13163,47.6339,-122.19200000000001
13164,47.5767,-122.41
13165,47.6496,-121.90799999999999
13166,47.5745,-122.13600000000001
13167,47.7639,-122.363
13168,47.773999999999994,-122.28
13169,47.6212,-122.29799999999999
13170,47.4758,-122.288
13171,47.4758,-122.288
13172,47.738,-121.98299999999999
13173,47.6373,-122.35799999999999
13174,47.6921,-122.387
13175,47.4901,-122.34100000000001
13176,47.5862,-122.24600000000001
13177,47.5682,-122.359
13178,47.4524,-122.15
13179,47.7758,-122.2
13180,47.4338,-122.16
13181,47.3009,-122.375
13182,47.6208,-122.319
13183,47.606,-122.211
13184,47.6456,-122.387
13185,47.5145,-122.391
13186,47.7222,-122.056
13187,47.6696,-122.37100000000001
13188,47.3657,-122.03399999999999
13189,47.3752,-122.166
13190,47.7214,-122.056
13191,47.6213,-122.065
13192,47.7201,-122.361
13193,47.7265,-122.314
13194,47.473,-122.3
13195,47.7718,-122.208
13196,47.6926,-122.34700000000001
13197,47.6657,-122.06700000000001
13198,47.4181,-122.211
13199,47.7438,-122.315
13200,47.5721,-122.381
13201,47.7491,-122.353
13202,47.7108,-122.225
13203,47.4127,-122.071
13204,47.6029,-122.304
13205,47.2578,-122.21700000000001
13206,47.5668,-122.169
13207,47.5024,-122.169
13208,47.2411,-121.932
13209,47.5372,-121.97200000000001
13210,47.6631,-122.345
13211,47.6232,-122.29899999999999
13212,47.5924,-122.04799999999999
13213,47.3555,-122.00200000000001
13214,47.4053,-122.03
13215,47.5056,-122.25399999999999
13216,47.6479,-122.367
13217,47.6419,-122.374
13218,47.5693,-122.296
13219,47.4024,-122.171
13220,47.6809,-122.288
13221,47.7113,-122.296
13222,47.6293,-122.238
13223,47.3746,-122.181
13224,47.3259,-122.289
13225,47.4502,-122.37799999999999
13226,47.5387,-122.374
13227,47.5359,-122.28
13228,47.4991,-121.779
13229,47.5493,-122.37700000000001
13230,47.4776,-122.02
13231,47.6103,-122.3
13232,47.6662,-122.365
13233,47.3833,-122.04299999999999
13234,47.5343,-122.185
13235,47.4482,-122.209
13236,47.7139,-121.321
13237,47.4418,-121.73100000000001
13238,47.6713,-122.152
13239,47.5514,-122.385
13240,47.6797,-122.35700000000001
13241,47.5269,-122.383
13242,47.6948,-122.28200000000001
13243,47.6181,-122.28399999999999
13244,47.5966,-122.11200000000001
13245,47.434,-122.171
13246,47.6911,-122.34100000000001
13247,47.6616,-122.35600000000001
13248,47.5487,-122.35700000000001
13249,47.3965,-122.314
13250,47.6094,-122.126
13251,47.6786,-122.368
13252,47.6993,-122.376
13253,47.5672,-122.00399999999999
13254,47.6338,-122.23200000000001
13255,47.4658,-122.191
13256,47.4972,-122.176
13257,47.6544,-122.085
13258,47.5355,-122.24
13259,47.592,-122.08200000000001
13260,47.6605,-122.18799999999999
13261,47.6878,-122.34200000000001
13262,47.5551,-122.17200000000001
13263,47.6397,-122.395
13264,47.4383,-122.135
13265,47.5448,-122.375
13266,47.6393,-122.39200000000001
13267,47.6448,-122.40899999999999
13268,47.7673,-122.367
13269,47.6838,-122.31200000000001
13270,47.1996,-122.00299999999999
13271,47.5145,-122.374
13272,47.6878,-122.286
13273,47.532,-122.385
13274,47.6987,-122.228
13275,47.7035,-122.351
13276,47.2598,-122.281
13277,47.4323,-122.292
13278,47.6666,-122.37
13279,47.7685,-122.2
13280,47.6265,-122.29799999999999
13281,47.6571,-122.277
13282,47.3431,-122.04799999999999
13283,47.4225,-122.32799999999999
13284,47.4547,-122.209
13285,47.3602,-121.988
13286,47.3602,-121.988
13287,47.7366,-122.333
13288,47.3587,-122.288
13289,47.4075,-122.17200000000001
13290,47.2867,-122.209
13291,47.4991,-122.345
13292,47.50899999999999,-122.324
13293,47.7309,-122.305
13294,47.54,-122.27600000000001
13295,47.5074,-122.353
13296,47.5394,-122.368
13297,47.6578,-122.324
13298,47.6889,-122.33
13299,47.3905,-122.462
13300,47.6846,-122.39200000000001
13301,47.5861,-122.113
13302,47.4867,-122.223
13303,47.5267,-122.03200000000001
13304,47.6549,-122.39399999999999
13305,47.7644,-122.072
13306,47.6636,-122.20299999999999
13307,47.5464,-122.191
13308,47.6786,-122.161
13309,47.568999999999996,-122.05799999999999
13310,47.7017,-122.023
13311,47.6414,-122.32700000000001
13312,47.5224,-122.318
13313,47.2099,-122.04299999999999
13314,47.5361,-121.88
13315,47.3333,-122.055
13316,47.5146,-122.265
13317,47.6998,-122.27799999999999
13318,47.5293,-122.354
13319,47.5853,-122.39
13320,47.7265,-122.315
13321,47.6554,-122.12899999999999
13322,47.7751,-122.32
13323,47.5749,-122.412
13324,47.5528,-121.999
13325,47.4738,-122.35
13326,47.3171,-122.316
13327,47.5697,-121.994
13328,47.497,-122.18
13329,47.7733,-122.31700000000001
13330,47.7416,-122.319
13331,47.3976,-122.166
13332,47.6424,-122.411
13333,47.7098,-122.21700000000001
13334,47.3648,-122.28399999999999
13335,47.5702,-122.38
13336,47.51300000000001,-122.333
13337,47.5159,-122.20200000000001
13338,47.3434,-122.04899999999999
13339,47.4256,-122.322
13340,47.7425,-122.23
13341,47.7746,-122.37799999999999
13342,47.7087,-122.198
13343,47.6705,-122.277
13344,47.6456,-122.19
13345,47.5271,-122.381
13346,47.6964,-122.336
13347,47.7206,-122.24799999999999
13348,47.7016,-122.295
13349,47.5754,-122.12
13350,47.6317,-122.041
13351,47.424,-122.20100000000001
13352,47.4862,-122.264
13353,47.606,-122.135
13354,47.685,-122.363
13355,47.6199,-122.3
13356,47.646,-122.384
13357,47.6056,-122.17299999999999
13358,47.6651,-122.17399999999999
13359,47.6742,-122.329
13360,47.6705,-122.39
13361,47.3099,-122.197
13362,47.6698,-122.177
13363,47.5917,-122.068
13364,47.6648,-122.324
13365,47.6376,-122.39399999999999
13366,47.74100000000001,-121.978
13367,47.5723,-122.309
13368,47.5641,-122.391
13369,47.7296,-122.333
13370,47.2576,-122.255
13371,47.50899999999999,-122.31299999999999
13372,47.6033,-122.15799999999999
13373,47.5022,-122.36
13374,47.5038,-122.3
13375,47.6159,-122.05
13376,47.5449,-122.262
13377,47.6729,-122.37299999999999
13378,47.5068,-122.191
13379,47.2808,-122.354
13380,47.5328,-122.274
13381,47.3126,-122.36399999999999
13382,47.4235,-122.155
13383,47.5843,-122.39299999999999
13384,47.3682,-122.179
13385,47.6885,-122.04299999999999
13386,47.5838,-122.24600000000001
13387,47.5592,-122.015
13388,47.6788,-122.03399999999999
13389,47.5445,-121.99600000000001
13390,47.5964,-122.07700000000001
13391,47.6869,-122.186
13392,47.6853,-122.305
13393,47.5838,-122.12299999999999
13394,47.6621,-122.189
13395,47.6832,-122.34299999999999
13396,47.2802,-122.303
13397,47.7547,-122.323
13398,47.7334,-122.36200000000001
13399,47.5953,-122.08
13400,47.5168,-122.37299999999999
13401,47.7441,-122.337
13402,47.45,-122.175
13403,47.758,-122.325
13404,47.5851,-122.02799999999999
13405,47.732,-122.134
13406,47.6209,-122.236
13407,47.4908,-122.181
13408,47.6125,-122.01
13409,47.6397,-121.95299999999999
13410,47.7672,-122.161
13411,47.5399,-122.18799999999999
13412,47.6367,-122.35
13413,47.6839,-122.274
13414,47.5445,-122.383
13415,47.7716,-122.31700000000001
13416,47.6907,-122.395
13417,47.4556,-122.346
13418,47.6899,-122.32
13419,47.39,-122.15799999999999
13420,47.5294,-122.137
13421,47.6363,-122.32
13422,47.4289,-122.094
13423,47.6718,-122.382
13424,47.5693,-122.285
13425,47.6378,-122.301
13426,47.4915,-122.10600000000001
13427,47.5561,-122.154
13428,47.3691,-122.163
13429,47.3642,-122.052
13430,47.5304,-122.35600000000001
13431,47.6913,-122.39299999999999
13432,47.7281,-122.353
13433,47.3889,-122.316
13434,47.6431,-122.35600000000001
13435,47.7266,-122.115
13436,47.729,-122.35
13437,47.7223,-122.29
13438,47.3625,-122.025
13439,47.6864,-122.345
13440,47.5399,-122.16
13441,47.5803,-122.05
13442,47.4874,-122.20200000000001
13443,47.5193,-122.15
13444,47.6891,-122.375
13445,47.676,-122.309
13446,47.6031,-122.021
13447,47.6646,-122.36399999999999
13448,47.5692,-122.1
13449,47.7502,-122.374
13450,47.7095,-122.075
13451,47.1795,-122.036
13452,47.3939,-122.089
13453,47.6395,-122.279
13454,47.5425,-122.39
13455,47.5729,-122.302
13456,47.6517,-122.406
13457,47.6505,-122.20299999999999
13458,47.5834,-121.97200000000001
13459,47.6647,-122.28399999999999
13460,47.552,-122.29
13461,47.604,-122.306
13462,47.7281,-122.235
13463,47.6379,-121.96600000000001
13464,47.4125,-122.455
13465,47.6899,-122.319
13466,47.5949,-122.291
13467,47.6909,-122.381
13468,47.559,-122.12700000000001
13469,47.6028,-122.309
13470,47.6132,-122.29700000000001
13471,47.6218,-122.116
13472,47.68600000000001,-122.185
13473,47.577,-122.055
13474,47.4817,-122.28
13475,47.2704,-122.31299999999999
13476,47.7384,-121.87799999999999
13477,47.6326,-122.03299999999999
13478,47.6272,-122.31200000000001
13479,47.6527,-122.198
13480,47.6841,-122.161
13481,47.7565,-122.12899999999999
13482,47.6274,-122.094
13483,47.7517,-122.23299999999999
13484,47.4899,-122.166
13485,47.5647,-122.165
13486,47.6054,-122.314
13487,47.7232,-122.161
13488,47.3666,-122.318
13489,47.5386,-122.226
13490,47.7694,-121.90299999999999
13491,47.7275,-122.359
13492,47.6589,-122.397
13493,47.5536,-122.12100000000001
13494,47.6963,-122.348
13495,47.7505,-122.117
13496,47.7484,-122.31700000000001
13497,47.3078,-122.365
13498,47.2584,-122.09299999999999
13499,47.5515,-122.12
13500,47.6512,-122.20299999999999
13501,47.5094,-122.165
13502,47.2079,-121.993
13503,47.31399999999999,-122.36399999999999
13504,47.7054,-122.12899999999999
13505,47.6562,-122.354
13506,47.5006,-122.351
13507,47.4508,-122.352
13508,47.5229,-122.19200000000001
13509,47.5161,-122.395
13510,47.6758,-122.369
13511,47.5626,-122.384
13512,47.3799,-122.325
13513,47.724,-122.32700000000001
13514,47.5893,-122.177
13515,47.6251,-122.21799999999999
13516,47.636,-122.04899999999999
13517,47.3652,-122.09
13518,47.4374,-122.285
13519,47.5382,-121.87700000000001
13520,47.4578,-122.351
13521,47.7353,-122.334
13522,47.3876,-122.211
13523,47.5063,-122.346
13524,47.5158,-122.37799999999999
13525,47.5064,-122.141
13526,47.4977,-122.175
13527,47.5461,-122.29899999999999
13528,47.5544,-121.993
13529,47.6368,-122.21600000000001
13530,47.4692,-122.35
13531,47.755,-122.31700000000001
13532,47.7268,-122.05
13533,47.3706,-122.056
13534,47.4959,-122.17399999999999
13535,47.6295,-122.32
13536,47.6235,-122.14299999999999
13537,47.739,-122.12899999999999
13538,47.6835,-122.035
13539,47.771,-122.166
13540,47.5707,-122.01799999999999
13541,47.4915,-122.15100000000001
13542,47.74,-122.339
13543,47.6996,-122.30799999999999
13544,47.5531,-122.31200000000001
13545,47.5327,-122.346
13546,47.3179,-122.331
13547,47.3715,-122.12700000000001
13548,47.6937,-122.213
13549,47.5644,-122.29
13550,47.6134,-122.042
13551,47.5515,-122.28399999999999
13552,47.7277,-122.20700000000001
13553,47.5896,-121.978
13554,47.4802,-122.18
13555,47.4619,-122.16799999999999
13556,47.4569,-122.118
13557,47.3655,-122.02799999999999
13558,47.7597,-122.01799999999999
13559,47.6839,-122.345
13560,47.593,-122.289
13561,47.5372,-122.382
13562,47.4766,-122.32600000000001
13563,47.534,-122.376
13564,47.458999999999996,-122.50399999999999
13565,47.3075,-122.359
13566,47.6835,-122.30799999999999
13567,47.3652,-122.50399999999999
13568,47.7019,-122.31299999999999
13569,47.4333,-122.194
13570,47.4418,-122.13600000000001
13571,47.3932,-122.12
13572,47.7694,-122.321
13573,47.7523,-122.117
13574,47.4713,-122.117
13575,47.5756,-122.414
13576,47.5341,-122.35799999999999
13577,47.7596,-122.304
13578,47.6005,-122.199
13579,47.3352,-122.344
13580,47.6425,-122.406
13581,47.5238,-122.355
13582,47.4983,-122.17200000000001
13583,47.7173,-122.03399999999999
13584,47.5527,-122.095
13585,47.6142,-122.28399999999999
13586,47.6761,-122.29700000000001
13587,47.472,-122.119
13588,47.3063,-122.219
13589,47.4524,-122.28399999999999
13590,47.678000000000004,-122.36
13591,47.621,-122.15100000000001
13592,47.5297,-121.90100000000001
13593,47.3734,-122.124
13594,47.2527,-121.98
13595,47.6934,-122.32799999999999
13596,47.6297,-122.117
13597,47.5994,-122.287
13598,47.7317,-122.20100000000001
13599,47.6622,-122.145
13600,47.7216,-121.90700000000001
13601,47.3817,-122.204
13602,47.2878,-122.29700000000001
13603,47.5164,-121.87700000000001
13604,47.4866,-122.219
13605,47.4866,-122.219
13606,47.776,-122.24
13607,47.6363,-122.37100000000001
13608,47.6189,-122.23
13609,47.3655,-122.01799999999999
13610,47.5575,-122.119
13611,47.7193,-122.024
13612,47.4669,-122.00299999999999
13613,47.3581,-122.288
13614,47.3804,-122.163
13615,47.4611,-122.324
13616,47.4611,-122.324
13617,47.2079,-121.96700000000001
13618,47.3697,-122.075
13619,47.5748,-122.01799999999999
13620,47.6406,-122.34700000000001
13621,47.3512,-122.006
13622,47.6094,-122.194
13623,47.5341,-121.866
13624,47.56100000000001,-122.272
13625,47.5734,-122.213
13626,47.5415,-121.884
13627,47.7469,-122.319
13628,47.441,-122.34200000000001
13629,47.4223,-122.34299999999999
13630,47.5704,-122.294
13631,47.653,-122.416
13632,47.3155,-122.266
13633,47.6254,-122.05
13634,47.5118,-122.194
13635,47.4419,-122.34
13636,47.7185,-122.354
13637,47.5166,-122.266
13638,47.7634,-122.34
13639,47.65600000000001,-122.359
13640,47.6259,-122.321
13641,47.2942,-122.19
13642,47.2633,-122.245
13643,47.5216,-121.87799999999999
13644,47.3187,-122.182
13645,47.6653,-122.338
13646,47.7479,-122.318
13647,47.7479,-122.318
13648,47.755,-122.035
13649,47.7377,-122.084
13650,47.367,-122.115
13651,47.528,-122.171
13652,47.7325,-122.242
13653,47.6875,-122.12200000000001
13654,47.4785,-122.095
13655,47.7453,-122.213
13656,47.511,-122.197
13657,47.2838,-122.006
13658,47.5149,-122.26299999999999
13659,47.67,-122.274
13660,47.6569,-122.348
13661,47.7623,-122.31700000000001
13662,47.6154,-122.214
13663,47.5215,-122.275
13664,47.7055,-122.348
13665,47.4495,-122.17
13666,47.5375,-122.175
13667,47.3657,-122.113
13668,47.2957,-122.35700000000001
13669,47.3499,-122.027
13670,47.5519,-121.803
13671,47.5666,-121.90700000000001
13672,47.4326,-122.208
13673,47.5132,-122.35799999999999
13674,47.6605,-122.355
13675,47.6501,-122.40899999999999
13676,47.69600000000001,-122.02600000000001
13677,47.7258,-122.32600000000001
13678,47.7691,-122.199
13679,47.4211,-122.29
13680,47.4211,-122.29
13681,47.6351,-122.03299999999999
13682,47.3025,-122.39
13683,47.3109,-122.339
13684,47.5469,-122.194
13685,47.208999999999996,-122.005
13686,47.5659,-122.089
13687,47.5477,-122.126
13688,47.3703,-122.10700000000001
13689,47.1936,-121.98100000000001
13690,47.5658,-122.291
13691,47.3745,-122.27600000000001
13692,47.5666,-122.40299999999999
13693,47.6749,-122.398
13694,47.7133,-122.213
13695,47.6497,-122.194
13696,47.2782,-122.212
13697,47.5696,-122.09
13698,47.6073,-122.12700000000001
13699,47.567,-122.016
13700,47.5394,-122.37899999999999
13701,47.5523,-122.162
13702,47.5905,-122.292
13703,47.1955,-121.999
13704,47.7056,-122.119
13705,47.32899999999999,-122.219
13706,47.5921,-122.155
13707,47.7012,-122.169
13708,47.3775,-122.022
13709,47.6122,-122.111
13710,47.4327,-122.28299999999999
13711,47.5224,-122.36
13712,47.6685,-122.137
13713,47.3076,-122.37700000000001
13714,47.4291,-121.84200000000001
13715,47.7139,-122.10600000000001
13716,47.4861,-122.251
13717,47.5543,-122.273
13718,47.7508,-122.352
13719,47.7473,-122.32
13720,47.5226,-122.28399999999999
13721,47.6265,-122.296
13722,47.6265,-122.296
13723,47.4648,-122.363
13724,47.4813,-122.12899999999999
13725,47.2837,-122.35799999999999
13726,47.1943,-121.991
13727,47.582,-121.971
13728,47.5837,-122.382
13729,47.2924,-122.35700000000001
13730,47.5933,-122.061
13731,47.753,-122.25200000000001
13732,47.6003,-122.306
13733,47.7567,-122.333
13734,47.68600000000001,-122.185
13735,47.6099,-122.05799999999999
13736,47.3703,-122.171
13737,47.2498,-122.00299999999999
13738,47.5704,-121.999
13739,47.6867,-122.34899999999999
13740,47.4062,-122.17399999999999
13741,47.6195,-122.12
13742,47.6979,-122.31
13743,47.3277,-122.34100000000001
13744,47.3277,-122.34100000000001
13745,47.6299,-122.354
13746,47.577,-122.38
13747,47.6885,-122.376
13748,47.513999999999996,-122.359
13749,47.4843,-121.719
13750,47.6142,-122.10700000000001
13751,47.7467,-122.321
13752,47.5224,-122.35700000000001
13753,47.7294,-122.353
13754,47.6604,-122.396
13755,47.3161,-122.27
13756,47.313,-122.38799999999999
13757,47.405,-122.331
13758,47.46100000000001,-122.148
13759,47.5323,-122.355
13760,47.77,-122.265
13761,47.6909,-122.186
13762,47.3343,-122.044
13763,47.7668,-122.243
13764,47.5479,-122.384
13765,47.5384,-122.27600000000001
13766,47.4294,-122.292
13767,47.4138,-122.31700000000001
13768,47.7642,-122.098
13769,47.3492,-122.025
13770,47.4887,-122.344
13771,47.7212,-122.179
13772,47.6003,-122.132
13773,47.6654,-122.355
13774,47.6534,-122.412
13775,47.7119,-122.23299999999999
13776,47.3825,-122.31
13777,47.36,-122.164
13778,47.6512,-122.338
13779,47.3607,-122.085
13780,47.6498,-121.964
13781,47.5102,-122.324
13782,47.5563,-122.39200000000001
13783,47.363,-122.094
13784,47.5921,-122.01299999999999
13785,47.7616,-122.37200000000001
13786,47.6981,-122.374
13787,47.7006,-122.11200000000001
13788,47.4794,-122.182
13789,47.428999999999995,-122.34100000000001
13790,47.6271,-122.02799999999999
13791,47.4945,-122.166
13792,47.3792,-122.198
13793,47.7431,-122.073
13794,47.4683,-122.008
13795,47.3666,-122.01899999999999
13796,47.6994,-122.34700000000001
13797,47.508,-122.244
13798,47.5327,-121.87100000000001
13799,47.3658,-122.176
13800,47.7588,-122.27
13801,47.5923,-122.169
13802,47.3804,-122.318
13803,47.6465,-122.404
13804,47.5942,-122.13600000000001
13805,47.6913,-122.333
13806,47.3185,-122.29
13807,47.5623,-122.384
13808,47.7125,-122.33200000000001
13809,47.4829,-121.766
13810,47.7271,-122.228
13811,47.3683,-122.109
13812,47.4887,-122.145
13813,47.4763,-122.177
13814,47.3284,-122.171
13815,47.4341,-122.16
13816,47.5621,-122.291
13817,47.51300000000001,-121.85700000000001
13818,47.7263,-122.3
13819,47.6549,-122.352
13820,47.5589,-122.39399999999999
13821,47.6801,-122.315
13822,47.7308,-122.194
13823,47.6399,-122.311
13824,47.5249,-122.044
13825,47.3066,-122.37799999999999
13826,47.4883,-122.221
13827,47.3826,-122.027
13828,47.3726,-122.43299999999999
13829,47.6275,-122.12
13830,47.537,-122.375
13831,47.6864,-122.34700000000001
13832,47.5554,-122.279
13833,47.6469,-122.389
13834,47.5579,-122.271
13835,47.3859,-122.221
13836,47.3486,-122.301
13837,47.4658,-122.115
13838,47.6267,-122.22200000000001
13839,47.35,-122.162
13840,47.5836,-122.042
13841,47.3604,-122.179
13842,47.6887,-122.319
13843,47.3722,-122.044
13844,47.5851,-122.17200000000001
13845,47.3266,-122.291
13846,47.5362,-122.271
13847,47.6113,-122.164
13848,47.5836,-122.074
13849,47.3681,-122.31
13850,47.3506,-122.039
13851,47.6871,-122.307
13852,47.3643,-122.081
13853,47.4651,-122.19200000000001
13854,47.562,-122.081
13855,47.3221,-122.28200000000001
13856,47.5873,-122.20200000000001
13857,47.575,-122.03299999999999
13858,47.6443,-122.385
13859,47.4726,-121.99
13860,47.7217,-122.18799999999999
13861,47.4199,-122.15700000000001
13862,47.5142,-122.021
13863,47.3453,-122.15100000000001
13864,47.62600000000001,-122.04799999999999
13865,47.7359,-121.984
13866,47.7687,-122.166
13867,47.6638,-122.36200000000001
13868,47.6315,-122.36200000000001
13869,47.57,-122.02
13870,47.4597,-122.355
13871,47.7043,-122.12799999999999
13872,47.6966,-122.375
13873,47.3477,-122.51899999999999
13874,47.5998,-122.3
13875,47.3511,-122.287
13876,47.7428,-122.23100000000001
13877,47.7151,-122.305
13878,47.7412,-122.109
13879,47.7142,-122.319
13880,47.6706,-122.35600000000001
13881,47.5323,-121.85600000000001
13882,47.4005,-122.29299999999999
13883,47.5307,-122.074
13884,47.5107,-122.345
13885,47.3895,-122.03299999999999
13886,47.4544,-122.204
13887,47.6339,-122.18
13888,47.684,-122.113
13889,47.5591,-122.302
13890,47.5469,-121.99700000000001
13891,47.4989,-122.265
13892,47.7562,-122.145
13893,47.6978,-122.29700000000001
13894,47.5424,-121.87200000000001
13895,47.3308,-122.365
13896,47.5605,-122.016
13897,47.5398,-121.859
13898,47.6631,-122.35700000000001
13899,47.7761,-122.169
13900,47.7089,-122.20100000000001
13901,47.6923,-121.92
13902,47.3737,-122.22399999999999
13903,47.7233,-122.117
13904,47.648,-122.35799999999999
13905,47.6803,-122.287
13906,47.4672,-122.185
13907,47.3489,-122.306
13908,47.586999999999996,-122.301
13909,47.5352,-122.39200000000001
13910,47.4915,-122.14299999999999
13911,47.6939,-122.189
13912,47.6413,-122.40100000000001
13913,47.3463,-122.304
13914,47.7343,-122.193
13915,47.6143,-122.305
13916,47.6926,-122.346
13917,47.4912,-122.31200000000001
13918,47.6751,-122.289
13919,47.4279,-122.161
13920,47.4631,-122.34100000000001
13921,47.6201,-122.025
13922,47.6213,-122.15299999999999
13923,47.6909,-122.083
13924,47.5322,-121.87100000000001
13925,47.7239,-122.31299999999999
13926,47.7145,-122.285
13927,47.5627,-122.21600000000001
13928,47.294,-122.21799999999999
13929,47.5602,-122.03
13930,47.5329,-122.292
13931,47.4342,-122.195
13932,47.5907,-122.196
13933,47.7042,-122.352
13934,47.4854,-122.16
13935,47.6681,-122.36
13936,47.5314,-122.22200000000001
13937,47.6272,-122.29700000000001
13938,47.6837,-122.391
13939,47.2741,-122.266
13940,47.6378,-122.04
13941,47.6751,-122.38
13942,47.7596,-122.26899999999999
13943,47.6439,-122.302
13944,47.6027,-122.02
13945,47.6432,-122.057
13946,47.6048,-122.29799999999999
13947,47.5839,-122.052
13948,47.6194,-122.041
13949,47.4238,-122.052
13950,47.3221,-122.344
13951,47.6238,-122.191
13952,47.1944,-121.97399999999999
13953,47.4663,-122.369
13954,47.6967,-122.21600000000001
13955,47.7515,-122.316
13956,47.5703,-121.99600000000001
13957,47.7316,-122.289
13958,47.745,-122.302
13959,47.3776,-122.314
13960,47.6829,-122.39299999999999
13961,47.6779,-122.35700000000001
13962,47.5321,-121.851
13963,47.5593,-122.08200000000001
13964,47.7371,-122.215
13965,47.6186,-122.288
13966,47.7112,-122.238
13967,47.5714,-122.40799999999999
13968,47.3604,-122.111
13969,47.7176,-122.302
13970,47.6798,-122.292
13971,47.5467,-122.234
13972,47.6939,-122.184
13973,47.6785,-122.37200000000001
13974,47.68600000000001,-122.34100000000001
13975,47.6353,-122.229
13976,47.678000000000004,-122.322
13977,47.5654,-122.163
13978,47.7244,-122.226
13979,47.4941,-122.24
13980,47.5935,-122.17200000000001
13981,47.72,-121.402
13982,47.4499,-122.189
13983,47.3336,-122.215
13984,47.7107,-122.229
13985,47.458999999999996,-122.118
13986,47.6679,-122.165
13987,47.6939,-122.348
13988,47.5289,-122.03299999999999
13989,47.5108,-122.165
13990,47.3215,-122.399
13991,47.6499,-121.915
13992,47.6957,-121.913
13993,47.7673,-122.20200000000001
13994,47.544,-122.176
13995,47.38800000000001,-122.234
13996,47.7601,-122.197
13997,47.3621,-122.094
13998,47.51300000000001,-122.25200000000001
13999,47.5677,-122.363
14000,47.6275,-122.30799999999999
14001,47.4432,-122.28200000000001
14002,47.5527,-122.16
14003,47.5097,-122.35700000000001
14004,47.6652,-122.338
14005,47.458999999999996,-122.205
14006,47.537,-122.385
14007,47.7146,-122.311
14008,47.3459,-122.29899999999999
14009,47.5568,-122.382
14010,47.6853,-122.29299999999999
14011,47.4068,-122.18
14012,47.5362,-121.87700000000001
14013,47.5116,-122.191
14014,47.3462,-122.286
14015,47.5327,-122.03200000000001
14016,47.2156,-122.029
14017,47.6295,-122.285
14018,47.548,-122.28399999999999
14019,47.5571,-122.14
14020,47.4813,-122.18799999999999
14021,47.7125,-122.081
14022,47.6384,-122.116
14023,47.503,-122.351
14024,47.5711,-122.28399999999999
14025,47.3613,-122.088
14026,47.6965,-122.39299999999999
14027,47.7453,-122.12899999999999
14028,47.653999999999996,-122.088
14029,47.7407,-122.351
14030,47.6144,-122.167
14031,47.6916,-122.20299999999999
14032,47.5844,-122.316
14033,47.3742,-122.149
14034,47.3302,-122.36
14035,47.6367,-122.109
14036,47.3921,-122.182
14037,47.5312,-121.861
14038,47.7199,-122.022
14039,47.6398,-122.23700000000001
14040,47.6947,-122.19
14041,47.7132,-122.03299999999999
14042,47.6567,-122.39200000000001
14043,47.5324,-122.387
14044,47.5065,-122.191
14045,47.5316,-121.959
14046,47.6765,-122.38600000000001
14047,47.457,-122.346
14048,47.5472,-122.303
14049,47.4931,-122.305
14050,47.6806,-122.36
14051,47.3342,-122.169
14052,47.6919,-122.115
14053,47.3195,-122.273
14054,47.3843,-122.213
14055,47.5755,-122.03299999999999
14056,47.4356,-122.29
14057,47.6404,-122.325
14058,47.5163,-122.26799999999999
14059,47.7292,-122.23100000000001
14060,47.5521,-121.99600000000001
14061,47.7015,-122.13
14062,47.6195,-122.29899999999999
14063,47.4707,-122.26
14064,47.7069,-122.131
14065,47.7698,-122.38600000000001
14066,47.193999999999996,-121.98100000000001
14067,47.3994,-122.204
14068,47.3321,-122.37299999999999
14069,47.2716,-122.14399999999999
14070,47.605,-122.11200000000001
14071,47.7218,-122.079
14072,47.7677,-122.163
14073,47.6042,-122.193
14074,47.49800000000001,-122.35
14075,47.5643,-121.897
14076,47.5668,-122.384
14077,47.4905,-122.34700000000001
14078,47.3882,-122.208
14079,47.7326,-122.179
14080,47.5595,-122.11399999999999
14081,47.6536,-122.20299999999999
14082,47.6929,-122.36
14083,47.626999999999995,-122.304
14084,47.6712,-122.39299999999999
14085,47.5935,-122.39
14086,47.522,-122.19
14087,47.4912,-122.365
14088,47.449,-122.29
14089,47.6235,-122.29799999999999
14090,47.632,-122.03
14091,47.7412,-122.16799999999999
14092,47.7285,-122.198
14093,47.4395,-122.111
14094,47.4496,-122.146
14095,47.5028,-122.243
14096,47.3654,-122.07600000000001
14097,47.5051,-122.461
14098,47.735,-122.17
14099,47.6875,-122.387
14100,47.2005,-121.999
14101,47.7366,-122.23299999999999
14102,47.4972,-122.22399999999999
14103,47.6417,-122.325
14104,47.4499,-122.12700000000001
14105,47.7012,-122.12
14106,47.621,-122.11399999999999
14107,47.3933,-122.454
14108,47.6649,-122.08200000000001
14109,47.6688,-122.323
14110,47.7754,-122.03200000000001
14111,47.5128,-122.38799999999999
14112,47.6287,-122.20700000000001
14113,47.5525,-122.366
14114,47.551,-122.22
14115,47.3062,-122.15
14116,47.5532,-122.277
14117,47.5536,-122.26700000000001
14118,47.4324,-122.171
14119,47.6498,-122.32
14120,47.7001,-122.279
14121,47.5677,-122.00299999999999
14122,47.342,-122.195
14123,47.6296,-122.029
14124,47.5892,-122.31200000000001
14125,47.7643,-122.34299999999999
14126,47.5683,-122.18799999999999
14127,47.7292,-122.34299999999999
14128,47.3767,-122.287
14129,47.4429,-121.771
14130,47.5772,-122.292
14131,47.536,-122.225
14132,47.7057,-122.374
14133,47.5698,-122.132
14134,47.6666,-122.303
14135,47.6027,-122.024
14136,47.5037,-122.24
14137,47.5877,-122.29799999999999
14138,47.4852,-122.35700000000001
14139,47.6624,-122.333
14140,47.7227,-122.16
14141,47.7394,-122.25200000000001
14142,47.3948,-122.325
14143,47.731,-122.34100000000001
14144,47.6756,-122.40100000000001
14145,47.5545,-122.365
14146,47.5412,-122.27
14147,47.3251,-122.354
14148,47.5906,-122.316
14149,47.3736,-122.13
14150,47.6606,-122.395
14151,47.3941,-122.307
14152,47.3627,-122.09100000000001
14153,47.3703,-122.15899999999999
14154,47.6883,-122.314
14155,47.2844,-122.205
14156,47.3148,-122.27
14157,47.5271,-122.316
14158,47.2866,-122.221
14159,47.7375,-122.194
14160,47.4006,-122.162
14161,47.6147,-122.29799999999999
14162,47.5526,-122.385
14163,47.7122,-122.02600000000001
14164,47.5366,-122.289
14165,47.7719,-122.255
14166,47.6368,-122.37100000000001
14167,47.5116,-122.37
14168,47.4784,-122.04799999999999
14169,47.3793,-122.304
14170,47.7013,-122.359
14171,47.5787,-122.0
14172,47.6379,-122.311
14173,47.4343,-122.19200000000001
14174,47.4522,-122.37799999999999
14175,47.7048,-122.353
14176,47.5798,-122.404
14177,47.6503,-122.39299999999999
14178,47.3338,-122.306
14179,47.6578,-122.285
14180,47.5283,-122.385
14181,47.5476,-122.14
14182,47.5173,-122.385
14183,47.5582,-122.38799999999999
14184,47.3319,-122.26700000000001
14185,47.3229,-122.28299999999999
14186,47.6356,-122.402
14187,47.6976,-121.916
14188,47.7493,-122.355
14189,47.3659,-122.17
14190,47.1955,-121.991
14191,47.4804,-122.126
14192,47.5555,-122.15
14193,47.6167,-122.29
14194,47.7045,-122.34200000000001
14195,47.5346,-122.185
14196,47.543,-122.29899999999999
14197,47.6608,-122.145
14198,47.318999999999996,-122.37299999999999
14199,47.5857,-122.038
14200,47.6823,-122.348
14201,47.6108,-122.113
14202,47.6782,-122.29899999999999
14203,47.6159,-122.11399999999999
14204,47.7393,-122.325
14205,47.7711,-122.34
14206,47.3965,-122.17299999999999
14207,47.5971,-122.295
14208,47.5971,-122.295
14209,47.6582,-122.336
14210,47.5696,-122.00399999999999
14211,47.4761,-122.337
14212,47.5118,-122.189
14213,47.6613,-122.132
14214,47.4586,-122.28299999999999
14215,47.3991,-121.964
14216,47.4949,-122.32700000000001
14217,47.6166,-122.17200000000001
14218,47.6429,-122.36
14219,47.5835,-122.20200000000001
14220,47.6352,-122.28399999999999
14221,47.3341,-122.279
14222,47.7107,-122.23
14223,47.6063,-122.02
14224,47.5476,-122.075
14225,47.4791,-122.34700000000001
14226,47.3631,-122.271
14227,47.6325,-122.39399999999999
14228,47.3857,-122.215
14229,47.7228,-122.31
14230,47.6386,-122.365
14231,47.4265,-122.148
14232,47.7453,-122.19200000000001
14233,47.6679,-122.184
14234,47.5054,-122.301
14235,47.5523,-122.286
14236,47.6124,-122.29299999999999
14237,47.2039,-122.00299999999999
14238,47.2923,-122.19
14239,47.6914,-122.103
14240,47.5213,-122.193
14241,47.638999999999996,-122.236
14242,47.6295,-122.306
14243,47.7221,-122.162
14244,47.4341,-122.446
14245,47.6877,-122.295
14246,47.4463,-122.12700000000001
14247,47.678999999999995,-122.39
14248,47.5799,-122.306
14249,47.5786,-122.229
14250,47.6765,-122.30799999999999
14251,47.5293,-122.37100000000001
14252,47.3348,-122.303
14253,47.5606,-121.853
14254,47.5595,-122.12899999999999
14255,47.7319,-122.335
14256,47.5312,-122.348
14257,47.4066,-122.169
14258,47.6513,-122.385
14259,47.5123,-122.15100000000001
14260,47.5766,-122.236
14261,47.6343,-122.28200000000001
14262,47.6824,-122.287
14263,47.3719,-122.056
14264,47.7733,-122.17
14265,47.6737,-122.4
14266,47.574,-122.13799999999999
14267,47.745,-121.984
14268,47.5886,-122.074
14269,47.64100000000001,-122.057
14270,47.3277,-122.34299999999999
14271,47.574,-122.37200000000001
14272,47.5697,-122.177
14273,47.5508,-122.189
14274,47.6659,-122.287
14275,47.6822,-122.111
14276,47.7418,-122.244
14277,47.4931,-122.354
14278,47.6181,-122.147
14279,47.553999999999995,-122.304
14280,47.5465,-122.01299999999999
14281,47.3839,-122.15299999999999
14282,47.603,-122.289
14283,47.6556,-122.345
14284,47.5305,-122.135
14285,47.7263,-122.363
14286,47.4934,-122.33200000000001
14287,47.4085,-122.195
14288,47.5003,-122.156
14289,47.5003,-122.26899999999999
14290,47.369,-122.03200000000001
14291,47.6826,-122.39399999999999
14292,47.6389,-122.34899999999999
14293,47.688,-122.30799999999999
14294,47.6671,-122.051
14295,47.6671,-122.051
14296,47.7281,-122.16799999999999
14297,47.6597,-122.352
14298,47.3414,-122.21799999999999
14299,47.5795,-122.235
14300,47.4032,-122.023
14301,47.345,-122.042
14302,47.4526,-122.176
14303,47.3344,-122.215
14304,47.5261,-122.374
14305,47.7534,-122.324
14306,47.522,-122.39
14307,47.5633,-121.90100000000001
14308,47.6348,-122.038
14309,47.3884,-122.404
14310,47.6863,-122.382
14311,47.5537,-121.99600000000001
14312,47.6988,-122.351
14313,47.7326,-122.234
14314,47.7373,-122.198
14315,47.6354,-122.208
14316,47.317,-122.37799999999999
14317,47.7642,-122.335
14318,47.5308,-122.171
14319,47.4004,-122.20299999999999
14320,47.7106,-122.288
14321,47.6881,-122.04
14322,47.4625,-122.069
14323,47.5742,-122.11
14324,47.5931,-122.178
14325,47.367,-122.10700000000001
14326,47.5347,-121.866
14327,47.5827,-122.387
14328,47.5822,-122.051
14329,47.5275,-122.38
14330,47.5289,-122.02799999999999
14331,47.317,-122.196
14332,47.5939,-122.29899999999999
14333,47.6733,-122.29799999999999
14334,47.4135,-122.199
14335,47.2628,-122.03
14336,47.6752,-122.361
14337,47.5552,-122.178
14338,47.4807,-122.15700000000001
14339,47.6687,-122.264
14340,47.4047,-122.331
14341,47.7439,-122.041
14342,47.6424,-122.411
14343,47.6914,-122.21
14344,47.6719,-122.38
14345,47.7391,-122.256
14346,47.70399999999999,-122.367
14347,47.7512,-122.295
14348,47.6405,-122.367
14349,47.5395,-121.99700000000001
14350,47.7056,-122.162
14351,47.6885,-122.38
14352,47.275,-122.302
14353,47.5427,-122.288
14354,47.5427,-122.288
14355,47.5479,-122.179
14356,47.534,-122.179
14357,47.6943,-122.19
14358,47.7439,-122.242
14359,47.7676,-122.164
14360,47.6666,-122.285
14361,47.6188,-122.306
14362,47.5655,-121.99799999999999
14363,47.6032,-122.311
14364,47.4787,-121.723
14365,47.7007,-122.31200000000001
14366,47.6061,-122.286
14367,47.5023,-122.46700000000001
14368,47.4857,-122.2
14369,47.6971,-122.302
14370,47.5112,-122.35700000000001
14371,47.745,-122.229
14372,47.6413,-122.24
14373,47.6821,-122.38
14374,47.3068,-122.088
14375,47.3746,-122.21700000000001
14376,47.5232,-121.821
14377,47.7624,-122.26
14378,47.5436,-122.37799999999999
14379,47.3004,-122.383
14380,47.681000000000004,-122.359
14381,47.5933,-122.30799999999999
14382,47.515,-122.162
14383,47.648999999999994,-122.336
14384,47.6893,-122.208
14385,47.5556,-122.03
14386,47.7341,-121.98100000000001
14387,47.7078,-122.288
14388,47.3774,-122.225
14389,47.6799,-122.363
14390,47.573,-122.374
14391,47.7436,-121.979
14392,47.7176,-122.35
14393,47.622,-122.14
14394,47.5396,-121.889
14395,47.4702,-122.26100000000001
14396,47.5202,-122.37799999999999
14397,47.5431,-121.99700000000001
14398,47.6233,-122.319
14399,47.5458,-122.141
14400,47.5609,-122.081
14401,47.3586,-122.056
14402,47.6726,-122.264
14403,47.7478,-122.24700000000001
14404,47.5349,-122.17399999999999
14405,47.5975,-122.01799999999999
14406,47.6008,-122.01
14407,47.3521,-122.302
14408,47.3141,-122.355
14409,47.4801,-122.06299999999999
14410,47.6837,-122.321
14411,47.5514,-121.99799999999999
14412,47.6769,-122.389
14413,47.718999999999994,-122.321
14414,47.5359,-122.069
14415,47.747,-122.24799999999999
14416,47.6696,-122.324
14417,47.7619,-122.26799999999999
14418,47.5057,-122.23100000000001
14419,47.3584,-122.086
14420,47.5319,-122.07600000000001
14421,47.6698,-122.361
14422,47.26300000000001,-122.242
14423,47.3412,-122.273
14424,47.3634,-122.052
14425,47.5747,-122.008
14426,47.6951,-122.316
14427,47.7355,-121.98200000000001
14428,47.5883,-121.991
14429,47.5188,-122.37200000000001
14430,47.605,-122.3
14431,47.3533,-122.016
14432,47.7008,-122.352
14433,47.3334,-122.322
14434,47.3488,-122.03299999999999
14435,47.4174,-122.316
14436,47.7739,-122.35799999999999
14437,47.6563,-122.353
14438,47.7279,-122.195
14439,47.5773,-122.383
14440,47.297,-122.225
14441,47.5015,-122.166
14442,47.6434,-122.412
14443,47.5438,-122.139
14444,47.3609,-122.02799999999999
14445,47.6867,-122.345
14446,47.4324,-122.185
14447,47.6915,-122.18299999999999
14448,47.5297,-122.354
14449,47.5774,-122.285
14450,47.53100000000001,-122.39
14451,47.5048,-122.251
14452,47.552,-122.311
14453,47.6186,-122.288
14454,47.7431,-122.319
14455,47.6798,-122.391
14456,47.6694,-122.15700000000001
14457,47.358000000000004,-122.446
14458,47.3757,-122.303
14459,47.6366,-122.363
14460,47.7634,-122.086
14461,47.653,-122.331
14462,47.5497,-122.295
14463,47.5153,-122.266
14464,47.7186,-122.236
14465,47.7503,-122.28
14466,47.2217,-122.06299999999999
14467,47.3207,-122.29299999999999
14468,47.5886,-122.292
14469,47.6287,-122.024
14470,47.4379,-122.01100000000001
14471,47.4379,-122.01100000000001
14472,47.5274,-122.35700000000001
14473,47.4543,-122.21
14474,47.7477,-122.23200000000001
14475,47.6514,-122.385
14476,47.535,-122.359
14477,47.7699,-122.292
14478,47.5539,-122.26799999999999
14479,47.3252,-122.167
14480,47.2932,-122.22
14481,47.6048,-122.12100000000001
14482,47.5576,-122.273
14483,47.7648,-122.37
14484,47.5693,-122.301
14485,47.7236,-122.11
14486,47.5436,-122.18700000000001
14487,47.2642,-122.258
14488,47.727,-122.36200000000001
14489,47.6358,-122.103
14490,47.3267,-122.166
14491,47.475,-122.09299999999999
14492,47.7555,-122.204
14493,47.2586,-122.221
14494,47.3674,-122.182
14495,47.5704,-122.40899999999999
14496,47.4514,-122.089
14497,47.5365,-122.37
14498,47.6498,-122.38799999999999
14499,47.6307,-122.367
14500,47.3427,-122.274
14501,47.6565,-122.348
14502,47.3651,-122.094
14503,47.4539,-122.348
14504,47.5553,-122.316
14505,47.6766,-122.176
14506,47.773,-122.34899999999999
14507,47.5299,-121.87799999999999
14508,47.5657,-122.376
14509,47.6688,-122.31
14510,47.6735,-122.15100000000001
14511,47.3634,-122.101
14512,47.6565,-122.355
14513,47.6818,-122.165
14514,47.3084,-122.37200000000001
14515,47.3863,-122.156
14516,47.4176,-122.323
14517,47.5708,-122.15299999999999
14518,47.735,-122.20100000000001
14519,47.7261,-122.219
14520,47.5699,-121.993
14521,47.6914,-122.296
14522,47.5541,-122.31700000000001
14523,47.3363,-122.311
14524,47.5776,-122.214
14525,47.693999999999996,-122.346
14526,47.5742,-122.315
14527,47.7073,-122.11200000000001
14528,47.6888,-122.20299999999999
14529,47.7321,-122.334
14530,47.3788,-122.316
14531,47.7225,-122.126
14532,47.5789,-122.118
14533,47.5678,-122.228
14534,47.5421,-122.321
14535,47.2895,-122.37
14536,47.6281,-122.21600000000001
14537,47.6511,-122.4
14538,47.6254,-122.045
14539,47.3674,-122.07
14540,47.7717,-122.277
14541,47.6593,-122.337
14542,47.7295,-122.37200000000001
14543,47.7039,-122.34
14544,47.757,-122.316
14545,47.7399,-122.234
14546,47.4513,-122.119
14547,47.44600000000001,-121.77600000000001
14548,47.4705,-122.352
14549,47.4692,-122.365
14550,47.3829,-122.20700000000001
14551,47.3862,-122.28
14552,47.4696,-122.359
14553,47.7769,-122.25
14554,47.7031,-122.34899999999999
14555,47.6677,-122.333
14556,47.5359,-122.37200000000001
14557,47.6394,-122.07700000000001
14558,47.205,-121.995
14559,47.5652,-122.359
14560,47.4501,-122.176
14561,47.4501,-122.176
14562,47.6651,-122.06700000000001
14563,47.5678,-122.00399999999999
14564,47.5045,-122.251
14565,47.6529,-122.40700000000001
14566,47.6769,-122.32799999999999
14567,47.3864,-122.307
14568,47.3448,-122.32700000000001
14569,47.5752,-122.15700000000001
14570,47.5769,-122.397
14571,47.5528,-122.221
14572,47.7074,-122.35600000000001
14573,47.4812,-122.09700000000001
14574,47.7408,-122.236
14575,47.6393,-122.31700000000001
14576,47.5277,-122.17399999999999
14577,47.3728,-122.15700000000001
14578,47.7574,-122.34299999999999
14579,47.6899,-122.28299999999999
14580,47.5286,-122.16
14581,47.3878,-122.32600000000001
14582,47.6835,-122.36200000000001
14583,47.3634,-122.031
14584,47.5558,-122.001
14585,47.684,-122.381
14586,47.3503,-122.279
14587,47.3299,-122.318
14588,47.6934,-122.166
14589,47.5387,-122.266
14590,47.6553,-122.023
14591,47.7106,-122.285
14592,47.7751,-122.22200000000001
14593,47.5849,-122.198
14594,47.5104,-122.25399999999999
14595,47.6865,-122.31
14596,47.3666,-122.288
14597,47.4664,-121.992
14598,47.6818,-122.38799999999999
14599,47.5308,-121.853
14600,47.7242,-122.21700000000001
14601,47.7129,-121.325
14602,47.4551,-122.15100000000001
14603,47.5267,-122.361
14604,47.6668,-122.132
14605,47.5516,-122.398
14606,47.3071,-122.36
14607,47.6455,-121.90100000000001
14608,47.5195,-122.391
14609,47.5707,-121.99600000000001
14610,47.736999999999995,-122.334
14611,47.5612,-122.15
14612,47.4933,-122.275
14613,47.5276,-122.273
14614,47.7695,-122.259
14615,47.5131,-122.35700000000001
14616,47.5145,-122.365
14617,47.6976,-122.288
14618,47.3428,-122.303
14619,47.6813,-122.31700000000001
14620,47.6821,-122.28299999999999
14621,47.7759,-122.214
14622,47.4447,-122.137
14623,47.5347,-122.376
14624,47.6356,-122.15
14625,47.5499,-122.264
14626,47.4872,-122.345
14627,47.3504,-122.005
14628,47.7711,-122.088
14629,47.606,-122.29899999999999
14630,47.7462,-122.294
14631,47.5054,-122.19
14632,47.5601,-122.265
14633,47.6575,-122.197
14634,47.4325,-122.197
14635,47.4462,-121.773
14636,47.7094,-122.23299999999999
14637,47.4872,-122.204
14638,47.3538,-121.986
14639,47.5221,-122.178
14640,47.6403,-121.964
14641,47.6732,-122.331
14642,47.5797,-122.305
14643,47.6903,-122.206
14644,47.4743,-122.14299999999999
14645,47.6206,-122.29700000000001
14646,47.5818,-121.97200000000001
14647,47.6005,-122.296
14648,47.6791,-122.374
14649,47.662,-122.32600000000001
14650,47.6137,-122.06
14651,47.3695,-122.081
14652,47.3191,-122.339
14653,47.3102,-122.042
14654,47.6192,-122.319
14655,47.5493,-122.117
14656,47.6852,-122.37799999999999
14657,47.6178,-122.28399999999999
14658,47.4918,-122.178
14659,47.6513,-122.4
14660,47.7632,-122.09
14661,47.365,-122.462
14662,47.5259,-121.815
14663,47.7668,-122.27
14664,47.498999999999995,-122.301
14665,47.3353,-122.27
14666,47.5072,-122.272
14667,47.5468,-122.12299999999999
14668,47.7729,-122.39299999999999
14669,47.4899,-122.133
14670,47.7499,-122.338
14671,47.5874,-121.965
14672,47.5589,-122.39200000000001
14673,47.3649,-122.117
14674,47.333,-122.098
14675,47.6367,-122.301
14676,47.7378,-121.975
14677,47.6722,-122.162
14678,47.5061,-122.324
14679,47.4943,-122.15700000000001
14680,47.423,-122.171
14681,47.7307,-122.302
14682,47.7689,-122.32799999999999
14683,47.7041,-122.116
14684,47.6878,-122.29
14685,47.7712,-122.13600000000001
14686,47.5568,-122.029
14687,47.5506,-122.281
14688,47.4847,-122.0
14689,47.6628,-122.14299999999999
14690,47.7252,-122.10600000000001
14691,47.5275,-122.321
14692,47.4398,-122.08
14693,47.7157,-122.103
14694,47.3902,-122.04899999999999
14695,47.4885,-121.78299999999999
14696,47.2639,-122.303
14697,47.4695,-122.116
14698,47.4952,-122.22399999999999
14699,47.6695,-122.266
14700,47.5576,-122.38799999999999
14701,47.5686,-122.37799999999999
14702,47.5575,-122.211
14703,47.427,-122.331
14704,47.7281,-122.311
14705,47.5093,-122.182
14706,47.5327,-121.86
14707,47.4729,-122.352
14708,47.5128,-122.37200000000001
14709,47.6155,-122.12100000000001
14710,47.3509,-122.041
14711,47.7197,-122.21700000000001
14712,47.5459,-122.37899999999999
14713,47.6461,-122.389
14714,47.5277,-122.351
14715,47.6797,-122.035
14716,47.6796,-122.39299999999999
14717,47.2839,-122.20200000000001
14718,47.2995,-122.387
14719,47.5499,-122.36
14720,47.5749,-122.213
14721,47.3423,-122.06299999999999
14722,47.5729,-121.676
14723,47.4932,-122.316
14724,47.7634,-122.34
14725,47.5353,-122.352
14726,47.3623,-121.971
14727,47.6719,-122.38
14728,47.4818,-122.18799999999999
14729,47.7041,-122.241
14730,47.7515,-122.17399999999999
14731,47.3895,-122.03399999999999
14732,47.4013,-122.319
14733,47.631,-122.10799999999999
14734,47.6481,-122.405
14735,47.7175,-122.03299999999999
14736,47.2848,-122.118
14737,47.6388,-122.09899999999999
14738,47.5322,-122.185
14739,47.2596,-122.304
14740,47.4629,-122.361
14741,47.3067,-122.285
14742,47.2866,-122.368
14743,47.495,-122.154
14744,47.6902,-122.368
14745,47.4239,-122.292
14746,47.4043,-122.185
14747,47.6714,-122.28
14748,47.6455,-121.90100000000001
14749,47.2862,-122.352
14750,47.5803,-122.119
14751,47.5947,-122.016
14752,47.575,-122.289
14753,47.5766,-122.37799999999999
14754,47.5404,-122.26799999999999
14755,47.662,-122.363
14756,47.4997,-122.31700000000001
14757,47.58600000000001,-122.292
14758,47.6209,-122.052
14759,47.3302,-122.305
14760,47.5316,-122.26299999999999
14761,47.7454,-122.061
14762,47.728,-122.339
14763,47.3321,-122.17200000000001
14764,47.723,-122.15799999999999
14765,47.64,-122.204
14766,47.5683,-122.396
14767,47.5107,-122.381
14768,47.3966,-122.30799999999999
14769,47.621,-122.29799999999999
14770,47.3258,-122.186
14771,47.5169,-122.20100000000001
14772,47.2137,-121.98899999999999
14773,47.208999999999996,-122.012
14774,47.7341,-122.288
14775,47.3263,-122.365
14776,47.7016,-122.17
14777,47.5751,-122.37799999999999
14778,47.3837,-122.31700000000001
14779,47.7751,-122.28399999999999
14780,47.375,-122.304
14781,47.4903,-122.191
14782,47.595,-122.30799999999999
14783,47.6038,-122.314
14784,47.5888,-122.04
14785,47.5974,-122.2
14786,47.4943,-122.178
14787,47.6534,-122.346
14788,47.3444,-122.271
14789,47.6112,-122.226
14790,47.3879,-122.031
14791,47.4497,-122.176
14792,47.6911,-122.32600000000001
14793,47.6522,-121.941
14794,47.5671,-122.15899999999999
14795,47.7054,-122.29700000000001
14796,47.2639,-122.285
14797,47.6743,-122.31299999999999
14798,47.5612,-122.146
14799,47.6876,-122.381
14800,47.4929,-122.18799999999999
14801,47.7644,-122.29
14802,47.6568,-122.154
14803,47.461999999999996,-122.193
14804,47.4931,-122.24700000000001
14805,47.3438,-122.04
14806,47.4771,-122.03
14807,47.6246,-122.06700000000001
14808,47.5721,-122.23899999999999
14809,47.5336,-122.189
14810,47.3756,-122.044
14811,47.71100000000001,-122.229
14812,47.6084,-122.304
14813,47.4728,-122.49700000000001
14814,47.6916,-122.37899999999999
14815,47.5624,-122.399
14816,47.5532,-122.389
14817,47.3747,-122.12799999999999
14818,47.7289,-122.338
14819,47.6984,-122.324
14820,47.4915,-122.338
14821,47.6503,-122.366
14822,47.2613,-122.24799999999999
14823,47.696999999999996,-122.09700000000001
14824,47.43600000000001,-122.195
14825,47.4208,-122.445
14826,47.548,-122.12100000000001
14827,47.6439,-122.319
14828,47.6711,-122.37200000000001
14829,47.3301,-122.191
14830,47.1956,-121.986
14831,47.2592,-122.291
14832,47.7383,-122.288
14833,47.6461,-122.39200000000001
14834,47.7264,-122.23700000000001
14835,47.676,-122.12100000000001
14836,47.542,-122.265
14837,47.6814,-122.359
14838,47.3346,-122.354
14839,47.3879,-122.00200000000001
14840,47.7229,-122.11
14841,47.5711,-122.38600000000001
14842,47.5711,-122.38600000000001
14843,47.4434,-122.125
14844,47.6958,-122.35700000000001
14845,47.7608,-122.37799999999999
14846,47.5508,-122.39200000000001
14847,47.5297,-122.26700000000001
14848,47.2982,-122.37799999999999
14849,47.3691,-122.074
14850,47.6378,-122.117
14851,47.5699,-122.226
14852,47.4231,-122.186
14853,47.3636,-122.09299999999999
14854,47.4826,-122.12799999999999
14855,47.4873,-122.09899999999999
14856,47.6332,-122.10799999999999
14857,47.5646,-122.181
14858,47.7212,-122.17200000000001
14859,47.6229,-122.29799999999999
14860,47.3375,-122.27600000000001
14861,47.4248,-122.15299999999999
14862,47.6677,-122.13600000000001
14863,47.4423,-122.178
14864,47.6383,-122.09700000000001
14865,47.7741,-122.20299999999999
14866,47.5091,-122.241
14867,47.3417,-122.277
14868,47.7,-122.175
14869,47.4504,-122.206
14870,47.7162,-122.24600000000001
14871,47.6692,-122.39200000000001
14872,47.7363,-122.29799999999999
14873,47.6971,-122.391
14874,47.7222,-122.229
14875,47.3628,-122.089
14876,47.2215,-122.06700000000001
14877,47.5072,-122.11200000000001
14878,47.7678,-122.316
14879,47.6364,-122.037
14880,47.5647,-122.155
14881,47.2159,-121.96600000000001
14882,47.6778,-122.302
14883,47.3937,-122.18299999999999
14884,47.6349,-122.096
14885,47.6353,-122.18
14886,47.7412,-122.088
14887,47.6624,-121.868
14888,47.6696,-122.149
14889,47.6187,-122.29899999999999
14890,47.5492,-122.389
14891,47.5828,-122.396
14892,47.2874,-122.18700000000001
14893,47.6218,-122.094
14894,47.4493,-122.274
14895,47.4583,-122.118
14896,47.7327,-121.98200000000001
14897,47.4754,-122.007
14898,47.7161,-122.31700000000001
14899,47.7656,-122.35799999999999
14900,47.3668,-122.505
14901,47.6025,-122.294
14902,47.3697,-122.10600000000001
14903,47.6633,-122.35700000000001
14904,47.68899999999999,-122.396
14905,47.5515,-122.262
14906,47.58,-122.23100000000001
14907,47.2758,-122.265
14908,47.5442,-122.29700000000001
14909,47.6591,-122.27
14910,47.7604,-122.235
14911,47.6472,-122.383
14912,47.6701,-122.339
14913,47.4869,-122.344
14914,47.6889,-122.301
14915,47.7733,-122.271
14916,47.6885,-122.021
14917,47.5311,-122.382
14918,47.5499,-122.1
14919,47.7059,-122.301
14920,47.3815,-122.228
14921,47.585,-122.294
14922,47.7116,-122.214
14923,47.1958,-122.00200000000001
14924,47.5967,-122.14
14925,47.3783,-122.182
14926,47.5333,-122.22
14927,47.7659,-121.899
14928,47.5747,-122.23700000000001
14929,47.6887,-122.307
14930,47.5668,-122.147
14931,47.5861,-122.11200000000001
14932,47.7489,-122.236
14933,47.4269,-122.148
14934,47.6394,-122.113
14935,47.4648,-122.15
14936,47.5677,-122.36
14937,47.5345,-122.36399999999999
14938,47.4196,-122.165
14939,47.582,-122.199
14940,47.6968,-122.102
14941,47.5741,-122.05
14942,47.476000000000006,-122.34299999999999
14943,47.5173,-121.87799999999999
14944,47.6496,-122.11399999999999
14945,47.2668,-122.23100000000001
14946,47.5613,-122.126
14947,47.5731,-122.28399999999999
14948,47.3535,-122.273
14949,47.6684,-122.35600000000001
14950,47.6714,-122.329
14951,47.7368,-122.195
14952,47.6782,-122.286
14953,47.4866,-121.786
14954,47.5539,-122.103
14955,47.3167,-122.18700000000001
14956,47.4386,-122.116
14957,47.6595,-122.28299999999999
14958,47.6285,-122.309
14959,47.3602,-122.052
14960,47.3106,-122.365
14961,47.6457,-122.412
14962,47.55,-122.37899999999999
14963,47.6361,-122.368
14964,47.4802,-122.052
14965,47.6631,-122.361
14966,47.5444,-122.131
14967,47.3275,-122.338
14968,47.5443,-122.17200000000001
14969,47.5443,-122.17200000000001
14970,47.2641,-122.215
14971,47.763999999999996,-122.302
14972,47.4388,-122.117
14973,47.6031,-122.296
14974,47.5908,-122.01700000000001
14975,47.536,-122.066
14976,47.4648,-122.14399999999999
14977,47.5388,-121.89
14978,47.5537,-122.02600000000001
14979,47.3467,-122.307
14980,47.3467,-122.307
14981,47.7243,-122.052
14982,47.3754,-122.277
14983,47.6952,-122.133
14984,47.4425,-122.272
14985,47.6957,-122.36399999999999
14986,47.5155,-122.374
14987,47.6359,-122.052
14988,47.6359,-122.052
14989,47.7001,-122.311
14990,47.538000000000004,-122.353
14991,47.5616,-122.088
14992,47.318999999999996,-122.26
14993,47.3663,-122.285
14994,47.7347,-122.19200000000001
14995,47.6343,-122.352
14996,47.6375,-122.389
14997,47.5955,-122.176
14998,47.6083,-122.132
14999,47.3792,-122.28200000000001
15000,47.7207,-122.165
15001,47.3114,-122.395
15002,47.5585,-122.29
15003,47.5898,-122.291
15004,47.3074,-122.34100000000001
15005,47.7311,-122.23200000000001
15006,47.6574,-122.345
15007,47.63800000000001,-122.375
15008,47.6183,-122.227
15009,47.3781,-122.28399999999999
15010,47.6247,-122.04299999999999
15011,47.7161,-122.295
15012,47.4821,-121.719
15013,47.5477,-122.00399999999999
15014,47.2837,-122.20700000000001
15015,47.2622,-122.303
15016,47.3733,-122.275
15017,47.5188,-122.256
15018,47.7394,-122.288
15019,47.6401,-122.16799999999999
15020,47.6979,-122.325
15021,47.473,-122.324
15022,47.5045,-122.27
15023,47.62300000000001,-122.105
15024,47.6389,-122.40700000000001
15025,47.7175,-122.27799999999999
15026,47.442,-122.105
15027,47.7189,-122.178
15028,47.6774,-122.26700000000001
15029,47.3771,-122.315
15030,47.6624,-122.291
15031,47.3845,-122.152
15032,47.6027,-122.295
15033,47.3736,-122.215
15034,47.3412,-122.051
15035,47.677,-122.275
15036,47.6034,-122.289
15037,47.5062,-122.385
15038,47.3862,-122.04799999999999
15039,47.4294,-122.331
15040,47.6348,-122.281
15041,47.5458,-122.227
15042,47.2721,-122.29299999999999
15043,47.6808,-122.376
15044,47.4806,-122.223
15045,47.748999999999995,-122.351
15046,47.6409,-122.20700000000001
15047,47.7603,-122.273
15048,47.5112,-122.316
15049,47.5616,-122.15299999999999
15050,47.3696,-122.05799999999999
15051,47.5351,-122.353
15052,47.3908,-122.316
15053,47.7598,-122.32799999999999
15054,47.6834,-122.038
15055,47.6076,-122.19200000000001
15056,47.4786,-122.131
15057,47.58,-122.39200000000001
15058,47.6354,-122.214
15059,47.6754,-122.307
15060,47.6695,-122.333
15061,47.6945,-122.38
15062,47.4204,-122.20100000000001
15063,47.6197,-122.287
15064,47.6595,-122.337
15065,47.3098,-122.223
15066,47.2857,-122.197
15067,47.5476,-122.397
15068,47.5498,-122.29799999999999
15069,47.2998,-122.387
15070,47.773999999999994,-122.208
15071,47.3493,-122.06200000000001
15072,47.4332,-122.14399999999999
15073,47.5146,-122.38600000000001
15074,47.6943,-122.307
15075,47.3371,-122.256
15076,47.3702,-122.182
15077,47.5256,-122.39200000000001
15078,47.2946,-122.37
15079,47.7129,-122.20299999999999
15080,47.6019,-122.116
15081,47.4877,-122.14299999999999
15082,47.5677,-122.38
15083,47.666000000000004,-122.32700000000001
15084,47.7685,-122.257
15085,47.4945,-122.249
15086,47.62,-122.052
15087,47.6336,-122.19200000000001
15088,47.5389,-121.89
15089,47.7205,-122.21799999999999
15090,47.6506,-122.346
15091,47.6102,-122.314
15092,47.6706,-122.26799999999999
15093,47.3056,-122.206
15094,47.5348,-121.85600000000001
15095,47.7635,-122.335
15096,47.284,-122.20200000000001
15097,47.5554,-122.266
15098,47.7557,-122.223
15099,47.6709,-122.185
15100,47.2774,-122.29899999999999
15101,47.6728,-122.36200000000001
15102,47.7207,-122.186
15103,47.4338,-122.16799999999999
15104,47.724,-122.37299999999999
15105,47.736000000000004,-122.15899999999999
15106,47.6463,-122.37100000000001
15107,47.3982,-122.171
15108,47.6351,-122.16799999999999
15109,47.5421,-122.37799999999999
15110,47.5888,-122.12700000000001
15111,47.7547,-122.11399999999999
15112,47.7564,-122.286
15113,47.7352,-122.32799999999999
15114,47.3831,-122.185
15115,47.6753,-122.304
15116,47.5273,-122.14299999999999
15117,47.494,-122.275
15118,47.7118,-122.29
15119,47.7644,-122.198
15120,47.2668,-122.25200000000001
15121,47.6199,-122.212
15122,47.7543,-122.34100000000001
15123,47.705,-122.31299999999999
15124,47.7522,-122.304
15125,47.4837,-122.11
15126,47.364,-122.162
15127,47.4512,-122.131
15128,47.3558,-122.17299999999999
15129,47.3668,-122.31200000000001
15130,47.4842,-122.346
15131,47.6393,-122.301
15132,47.4911,-122.22399999999999
15133,47.4911,-122.22399999999999
15134,47.5336,-121.76
15135,47.3832,-122.057
15136,47.3662,-122.28200000000001
15137,47.6334,-122.35
15138,47.6388,-122.406
15139,47.4962,-122.32
15140,47.6505,-122.375
15141,47.7253,-122.197
15142,47.3731,-122.286
15143,47.3731,-122.286
15144,47.6042,-122.21
15145,47.5419,-122.288
15146,47.6337,-122.154
15147,47.5705,-122.175
15148,47.6305,-122.34700000000001
15149,47.5688,-122.363
15150,47.4902,-122.256
15151,47.7174,-122.337
15152,47.7469,-122.37799999999999
15153,47.3839,-122.038
15154,47.4506,-121.76799999999999
15155,47.5202,-121.885
15156,47.6546,-122.04899999999999
15157,47.4237,-122.162
15158,47.6999,-122.17
15159,47.4534,-122.37200000000001
15160,47.6517,-122.374
15161,47.6761,-122.3
15162,47.4312,-122.195
15163,47.3449,-122.15100000000001
15164,47.5198,-122.15700000000001
15165,47.6745,-122.061
15166,47.6264,-122.289
15167,47.6219,-122.115
15168,47.5529,-122.35600000000001
15169,47.6575,-122.39399999999999
15170,47.5371,-122.39299999999999
15171,47.4955,-122.16
15172,47.4858,-122.185
15173,47.6854,-122.30799999999999
15174,47.6188,-122.029
15175,47.5521,-122.03
15176,47.7499,-122.29
15177,47.7722,-122.315
15178,47.6164,-122.104
15179,47.5826,-122.387
15180,47.4963,-122.249
15181,47.3155,-122.365
15182,47.7528,-122.195
15183,47.633,-121.97200000000001
15184,47.398999999999994,-122.01100000000001
15185,47.575,-122.288
15186,47.575,-122.288
15187,47.7148,-122.101
15188,47.6428,-122.348
15189,47.3196,-122.272
15190,47.6185,-122.219
15191,47.6805,-122.384
15192,47.6779,-122.384
15193,47.2601,-122.286
15194,47.3284,-122.331
15195,47.7243,-122.363
15196,47.3618,-122.03299999999999
15197,47.6339,-122.354
15198,47.7065,-122.235
15199,47.6245,-122.227
15200,47.3377,-122.291
15201,47.6844,-122.39200000000001
15202,47.5099,-122.26
15203,47.498999999999995,-122.15700000000001
15204,47.7306,-121.973
15205,47.7573,-122.27799999999999
15206,47.4817,-121.802
15207,47.5981,-122.288
15208,47.5622,-122.00299999999999
15209,47.7461,-122.322
15210,47.5483,-122.26100000000001
15211,47.5503,-121.99700000000001
15212,47.6669,-122.179
15213,47.6386,-122.05799999999999
15214,47.6989,-122.399
15215,47.7448,-122.117
15216,47.7049,-122.22399999999999
15217,47.5496,-122.391
15218,47.7237,-122.335
15219,47.58,-122.405
15220,47.3549,-122.111
15221,47.6384,-122.35
15222,47.5456,-122.016
15223,47.6642,-122.171
15224,47.3191,-122.191
15225,47.7042,-122.369
15226,47.4449,-122.274
15227,47.5642,-122.12700000000001
15228,47.4139,-122.208
15229,47.6109,-122.303
15230,47.6841,-122.309
15231,47.5845,-122.199
15232,47.6221,-122.208
15233,47.4608,-122.354
15234,47.2163,-121.984
15235,47.5116,-122.37899999999999
15236,47.6023,-122.132
15237,47.7633,-122.199
15238,47.6608,-122.19
15239,47.6518,-122.12299999999999
15240,47.7173,-122.098
15241,47.6409,-122.241
15242,47.7595,-122.23
15243,47.2827,-122.302
15244,47.6303,-122.36200000000001
15245,47.7328,-122.198
15246,47.2604,-122.139
15247,47.6735,-122.40100000000001
15248,47.3182,-122.279
15249,47.603,-122.012
15250,47.677,-122.165
15251,47.7064,-122.355
15252,47.5457,-122.363
15253,47.3719,-122.461
15254,47.6957,-122.375
15255,47.6797,-122.384
15256,47.7038,-122.31700000000001
15257,47.7334,-121.97
15258,47.4097,-122.193
15259,47.5378,-121.742
15260,47.7537,-122.296
15261,47.4079,-122.186
15262,47.7283,-122.21799999999999
15263,47.6874,-122.161
15264,47.6874,-122.161
15265,47.6865,-122.396
15266,47.5065,-122.249
15267,47.3257,-122.17
15268,47.7317,-122.31
15269,47.648,-122.384
15270,47.6855,-122.199
15271,47.7438,-122.229
15272,47.6362,-122.369
15273,47.438,-122.336
15274,47.3653,-122.09
15275,47.635,-121.964
15276,47.5102,-122.37200000000001
15277,47.5904,-122.194
15278,47.5492,-122.302
15279,47.4739,-122.28
15280,47.7438,-122.24700000000001
15281,47.5305,-122.384
15282,47.7657,-122.272
15283,47.6308,-122.369
15284,47.4431,-122.13799999999999
15285,47.3777,-122.023
15286,47.3777,-122.023
15287,47.4468,-122.28200000000001
15288,47.6887,-122.31200000000001
15289,47.659,-122.146
15290,47.4688,-122.124
15291,47.4364,-122.28
15292,47.4475,-122.15899999999999
15293,47.4944,-122.304
15294,47.4801,-122.09200000000001
15295,47.4662,-122.359
15296,47.5714,-122.376
15297,47.6355,-122.324
15298,47.4559,-122.18299999999999
15299,47.3148,-122.34899999999999
15300,47.7043,-122.12799999999999
15301,47.3896,-122.21799999999999
15302,47.6138,-122.29799999999999
15303,47.4971,-122.279
15304,47.349,-122.167
15305,47.5959,-122.116
15306,47.3343,-122.16
15307,47.474,-122.125
15308,47.7608,-122.374
15309,47.6876,-122.366
15310,47.5951,-122.037
15311,47.3815,-122.09
15312,47.3926,-122.166
15313,47.3423,-122.18299999999999
15314,47.6754,-122.32700000000001
15315,47.495,-122.227
15316,47.3648,-122.325
15317,47.7151,-122.355
15318,47.715,-122.354
15319,47.6111,-122.126
15320,47.4257,-122.03
15321,47.7042,-122.10700000000001
15322,47.7048,-122.368
15323,47.5245,-121.822
15324,47.7726,-122.21
15325,47.739,-122.243
15326,47.3197,-122.34299999999999
15327,47.5785,-122.29299999999999
15328,47.3087,-122.206
15329,47.3815,-122.146
15330,47.3576,-122.039
15331,47.3131,-122.383
15332,47.5478,-122.0
15333,47.5469,-122.12700000000001
15334,47.6713,-122.3
15335,47.7168,-122.365
15336,47.5722,-122.226
15337,47.4585,-122.205
15338,47.6826,-122.186
15339,47.5882,-122.19200000000001
15340,47.6517,-122.124
15341,47.3547,-122.285
15342,47.5112,-122.329
15343,47.3333,-122.074
15344,47.6316,-122.28200000000001
15345,47.324,-122.32799999999999
15346,47.6711,-122.398
15347,47.7425,-122.321
15348,47.5787,-122.402
15349,47.3714,-122.054
15350,47.7688,-122.337
15351,47.2933,-122.37200000000001
15352,47.2933,-122.37200000000001
15353,47.6445,-122.374
15354,47.5857,-122.17200000000001
15355,47.6939,-122.391
15356,47.72,-122.21600000000001
15357,47.5476,-122.399
15358,47.696999999999996,-122.322
15359,47.6629,-122.329
15360,47.7525,-122.315
15361,47.648,-122.41
15362,47.6405,-122.35600000000001
15363,47.7364,-122.286
15364,47.7489,-122.28399999999999
15365,47.4872,-122.223
15366,47.5346,-122.344
15367,47.6778,-122.389
15368,47.5336,-122.052
15369,47.3531,-122.147
15370,47.7518,-122.279
15371,47.718,-122.193
15372,47.5114,-122.245
15373,47.5253,-122.20100000000001
15374,47.4829,-122.34100000000001
15375,47.5678,-122.089
15376,47.5524,-121.99600000000001
15377,47.3596,-121.92200000000001
15378,47.571999999999996,-122.147
15379,47.5309,-122.186
15380,47.7256,-122.367
15381,47.5272,-122.322
15382,47.4544,-122.36
15383,47.2069,-121.98899999999999
15384,47.32,-122.178
15385,47.5735,-122.162
15386,47.6693,-122.289
15387,47.5845,-122.115
15388,47.2899,-122.37200000000001
15389,47.7139,-122.288
15390,47.6866,-122.11
15391,47.5817,-122.19200000000001
15392,47.6767,-122.365
15393,47.3083,-122.36
15394,47.73,-121.969
15395,47.4822,-122.318
15396,47.6095,-122.195
15397,47.6269,-122.06
15398,47.3082,-122.37200000000001
15399,47.52,-122.04700000000001
15400,47.7077,-122.314
15401,47.6163,-122.068
15402,47.538999999999994,-122.179
15403,47.4459,-122.359
15404,47.2088,-121.992
15405,47.3483,-122.053
15406,47.5119,-122.337
15407,47.7751,-122.088
15408,47.5527,-121.99
15409,47.3865,-122.027
15410,47.5594,-122.285
15411,47.7574,-122.322
15412,47.3804,-122.027
15413,47.5044,-122.19
15414,47.4403,-122.126
15415,47.4779,-122.145
15416,47.6685,-122.33200000000001
15417,47.5648,-122.156
15418,47.5613,-122.12799999999999
15419,47.6117,-122.31299999999999
15420,47.5569,-122.31
15421,47.6288,-122.109
15422,47.3762,-122.126
15423,47.5479,-122.23299999999999
15424,47.3527,-121.999
15425,47.7006,-122.35
15426,47.3086,-122.384
15427,47.4871,-122.36
15428,47.4263,-122.331
15429,47.6968,-122.29899999999999
15430,47.701,-122.23100000000001
15431,47.5002,-122.24600000000001
15432,47.3536,-122.14200000000001
15433,47.7482,-122.321
15434,47.7085,-122.286
15435,47.6198,-122.038
15436,47.4817,-121.749
15437,47.7136,-122.29
15438,47.486000000000004,-122.264
15439,47.6645,-122.288
15440,47.7018,-122.165
15441,47.6993,-122.13
15442,47.2777,-122.25200000000001
15443,47.5925,-122.295
15444,47.2899,-122.219
15445,47.565,-122.281
15446,47.3255,-122.19200000000001
15447,47.4597,-122.15299999999999
15448,47.5437,-122.281
15449,47.4942,-122.322
15450,47.497,-121.78
15451,47.746,-122.23100000000001
15452,47.5132,-122.389
15453,47.6424,-122.348
15454,47.4908,-122.223
15455,47.4908,-122.223
15456,47.4594,-122.346
15457,47.6769,-122.366
15458,47.5701,-122.40799999999999
15459,47.5602,-122.176
15460,47.32899999999999,-122.33
15461,47.648999999999994,-122.40299999999999
15462,47.4208,-122.2
15463,47.6616,-122.14399999999999
15464,47.38399999999999,-122.149
15465,47.5872,-122.17
15466,47.3231,-122.219
15467,47.4367,-122.199
15468,47.5928,-122.086
15469,47.7193,-122.21799999999999
15470,47.7717,-122.29
15471,47.4189,-122.16799999999999
15472,47.3341,-122.18799999999999
15473,47.4513,-122.26700000000001
15474,47.6616,-122.175
15475,47.4238,-122.098
15476,47.745,-122.29700000000001
15477,47.655,-122.087
15478,47.6006,-121.978
15479,47.4429,-122.28200000000001
15480,47.7606,-122.28
15481,47.3702,-122.318
15482,47.5374,-122.17299999999999
15483,47.6614,-122.13799999999999
15484,47.5915,-122.295
15485,47.6087,-121.895
15486,47.7053,-122.34299999999999
15487,47.5387,-122.215
15488,47.3659,-122.029
15489,47.4398,-122.15100000000001
15490,47.387,-122.281
15491,47.6435,-122.399
15492,47.6679,-122.17200000000001
15493,47.7552,-122.148
15494,47.5667,-121.905
15495,47.6969,-122.34700000000001
15496,47.42,-122.319
15497,47.3862,-122.315
15498,47.7519,-122.27600000000001
15499,47.6792,-122.275
15500,47.6832,-121.915
15501,47.49800000000001,-122.321
15502,47.7006,-122.38600000000001
15503,47.7128,-122.083
15504,47.5985,-122.29799999999999
15505,47.4122,-122.26700000000001
15506,47.4292,-122.32799999999999
15507,47.6781,-122.376
15508,47.5572,-122.147
15509,47.3794,-122.32
15510,47.6805,-122.366
15511,47.40600000000001,-122.318
15512,47.5472,-122.23299999999999
15513,47.35,-122.037
15514,47.7701,-122.13799999999999
15515,47.5718,-122.406
15516,47.5662,-122.0
15517,47.6965,-122.35
15518,47.6923,-122.2
15519,47.5406,-122.066
15520,47.4088,-122.055
15521,47.628,-122.29899999999999
15522,47.5359,-122.367
15523,47.7192,-122.32
15524,47.7024,-122.35
15525,47.4596,-122.34299999999999
15526,47.5,-122.31700000000001
15527,47.7168,-122.30799999999999
15528,47.433,-122.292
15529,47.306000000000004,-122.37899999999999
15530,47.4362,-122.109
15531,47.3913,-122.12100000000001
15532,47.5102,-122.36399999999999
15533,47.6731,-122.32700000000001
15534,47.5651,-121.902
15535,47.5092,-122.38600000000001
15536,47.4666,-122.32600000000001
15537,47.7726,-122.111
15538,47.5033,-122.35799999999999
15539,47.6312,-122.366
15540,47.4091,-122.331
15541,47.3762,-122.219
15542,47.5631,-122.397
15543,47.446999999999996,-122.48200000000001
15544,47.5245,-122.33
15545,47.3392,-122.131
15546,47.7341,-122.102
15547,47.7016,-122.199
15548,47.6437,-122.396
15549,47.7147,-122.37299999999999
15550,47.3798,-122.306
15551,47.3895,-121.986
15552,47.6392,-122.10799999999999
15553,47.6055,-122.21
15554,47.3822,-122.316
15555,47.3822,-122.316
15556,47.5569,-122.288
15557,47.6649,-122.337
15558,47.383,-122.305
15559,47.7111,-122.309
15560,47.5209,-122.052
15561,47.2647,-122.221
15562,47.7351,-122.18299999999999
15563,47.4087,-122.17
15564,47.5002,-122.15
15565,47.3535,-122.19
15566,47.5655,-122.315
15567,47.7681,-122.311
15568,47.6647,-122.149
15569,47.7243,-121.95700000000001
15570,47.5181,-122.257
15571,47.3801,-122.185
15572,47.696999999999996,-122.169
15573,47.5465,-122.12200000000001
15574,47.5378,-122.375
15575,47.3478,-122.29799999999999
15576,47.7725,-122.34899999999999
15577,47.5371,-122.38799999999999
15578,47.5858,-122.24700000000001
15579,47.538999999999994,-122.35600000000001
15580,47.5144,-122.39299999999999
15581,47.7471,-122.337
15582,47.35,-122.139
15583,47.7531,-122.14
15584,47.5672,-122.39
15585,47.1593,-121.95700000000001
15586,47.5153,-122.178
15587,47.5558,-122.27
15588,47.692,-122.166
15589,47.3065,-122.35799999999999
15590,47.5051,-122.381
15591,47.7078,-122.234
15592,47.74,-122.04799999999999
15593,47.5336,-122.27799999999999
15594,47.5336,-122.27799999999999
15595,47.6743,-122.316
15596,47.3563,-122.149
15597,47.4552,-122.20200000000001
15598,47.4923,-122.178
15599,47.7407,-122.34700000000001
15600,47.4586,-122.175
15601,47.5159,-122.258
15602,47.6375,-122.354
15603,47.7158,-121.96600000000001
15604,47.6728,-122.061
15605,47.403,-122.175
15606,47.63,-121.9
15607,47.2725,-122.3
15608,47.5904,-122.389
15609,47.7218,-122.29899999999999
15610,47.4977,-122.35799999999999
15611,47.4953,-122.238
15612,47.7577,-122.35799999999999
15613,47.552,-122.219
15614,47.62600000000001,-122.12
15615,47.4629,-122.35600000000001
15616,47.2984,-122.14399999999999
15617,47.6599,-122.146
15618,47.6155,-122.238
15619,47.523,-122.33200000000001
15620,47.5677,-122.29
15621,47.4363,-122.286
15622,47.4702,-122.281
15623,47.6464,-122.391
15624,47.7035,-122.34
15625,47.3533,-122.023
15626,47.7159,-122.305
15627,47.3848,-122.1
15628,47.5498,-121.99700000000001
15629,47.6914,-122.288
15630,47.6001,-122.176
15631,47.4551,-122.175
15632,47.3799,-122.184
15633,47.6888,-122.34700000000001
15634,47.7268,-122.229
15635,47.3215,-122.369
15636,47.2894,-122.18799999999999
15637,47.651,-122.40899999999999
15638,47.7482,-122.083
15639,47.3056,-122.368
15640,47.7103,-122.109
15641,47.7267,-121.96600000000001
15642,47.4136,-122.333
15643,47.4136,-122.333
15644,47.3655,-122.01700000000001
15645,47.7728,-122.25
15646,47.5916,-122.166
15647,47.5952,-122.053
15648,47.6969,-122.368
15649,47.4238,-122.33200000000001
15650,47.6801,-122.161
15651,47.3694,-122.065
15652,47.6728,-122.37899999999999
15653,47.6325,-122.29
15654,47.7561,-122.271
15655,47.6205,-122.3
15656,47.6241,-122.305
15657,47.4492,-121.78
15658,47.3658,-122.01899999999999
15659,47.6133,-122.133
15660,47.3201,-122.398
15661,47.5457,-122.383
15662,47.754,-122.321
15663,47.65,-122.415
15664,47.7728,-122.258
15665,47.61600000000001,-122.28200000000001
15666,47.6455,-122.04
15667,47.7409,-122.198
15668,47.6711,-122.37700000000001
15669,47.6856,-122.16799999999999
15670,47.5045,-122.369
15671,47.4772,-122.14399999999999
15672,47.63,-122.01100000000001
15673,47.7611,-122.37200000000001
15674,47.5805,-121.97
15675,47.3801,-122.166
15676,47.6655,-122.13
15677,47.62600000000001,-122.104
15678,47.4418,-122.354
15679,47.6873,-122.33200000000001
15680,47.5703,-122.165
15681,47.6645,-122.068
15682,47.3076,-122.397
15683,47.5483,-122.36
15684,47.7424,-122.26299999999999
15685,47.2704,-122.01299999999999
15686,47.4328,-122.196
15687,47.7614,-122.02600000000001
15688,47.5116,-122.14399999999999
15689,47.3714,-122.059
15690,47.4442,-122.081
15691,47.3617,-122.054
15692,47.6965,-122.197
15693,47.4665,-122.12200000000001
15694,47.6272,-122.208
15695,47.5814,-122.12200000000001
15696,47.7376,-122.322
15697,47.3352,-122.29700000000001
15698,47.2959,-122.37700000000001
15699,47.6658,-122.084
15700,47.7571,-122.141
15701,47.588,-122.079
15702,47.4727,-122.2
15703,47.6923,-122.33200000000001
15704,47.6112,-122.12799999999999
15705,47.5416,-121.99799999999999
15706,47.5965,-122.038
15707,47.6835,-122.34700000000001
15708,47.6291,-122.226
15709,47.6269,-122.03
15710,47.5634,-122.087
15711,47.6604,-122.352
15712,47.3846,-122.226
15713,47.4488,-122.35600000000001
15714,47.5807,-122.196
15715,47.567,-122.212
15716,47.7344,-121.965
15717,47.5374,-122.39
15718,47.2944,-122.37100000000001
15719,47.7234,-122.37200000000001
15720,47.6762,-122.354
15721,47.3422,-122.053
15722,47.6756,-122.305
15723,47.7081,-122.34200000000001
15724,47.565,-122.116
15725,47.412,-122.195
15726,47.738,-122.235
15727,47.5387,-122.294
15728,47.5329,-122.354
15729,47.6209,-122.302
15730,47.7296,-122.199
15731,47.5651,-122.03399999999999
15732,47.6844,-122.111
15733,47.7631,-122.149
15734,47.5175,-122.20100000000001
15735,47.6844,-122.306
15736,47.7045,-122.281
15737,47.7393,-122.289
15738,47.4419,-122.133
15739,47.6765,-122.287
15740,47.6378,-122.066
15741,47.3918,-122.185
15742,47.6722,-122.391
15743,47.5398,-122.369
15744,47.6304,-122.205
15745,47.5694,-122.385
15746,47.4939,-122.3
15747,47.5389,-122.353
15748,47.6755,-122.367
15749,47.5381,-121.87200000000001
15750,47.6569,-122.273
15751,47.3984,-122.055
15752,47.7776,-122.352
15753,47.3067,-122.116
15754,47.5309,-122.22399999999999
15755,47.6461,-122.35600000000001
15756,47.6707,-122.156
15757,47.5845,-122.395
15758,47.6401,-122.303
15759,47.5372,-121.744
15760,47.3072,-122.221
15761,47.6854,-122.04799999999999
15762,47.5321,-122.03399999999999
15763,47.7243,-122.03200000000001
15764,47.7247,-122.181
15765,47.4179,-122.181
15766,47.3833,-122.037
15767,47.617,-122.05799999999999
15768,47.5509,-122.26100000000001
15769,47.6899,-122.12200000000001
15770,47.4068,-122.175
15771,47.6196,-122.139
15772,47.4644,-122.15100000000001
15773,47.6711,-122.148
15774,47.6144,-122.06700000000001
15775,47.7608,-122.118
15776,47.3369,-122.275
15777,47.6858,-122.102
15778,47.77,-122.264
15779,47.6404,-122.361
15780,47.4627,-122.16799999999999
15781,47.3837,-122.09899999999999
15782,47.733000000000004,-122.22
15783,47.3165,-122.38600000000001
15784,47.6587,-122.022
15785,47.5312,-122.04
15786,47.7092,-122.291
15787,47.7155,-122.315
15788,47.7155,-122.315
15789,47.5589,-122.29
15790,47.6915,-122.273
15791,47.5674,-122.01899999999999
15792,47.5883,-122.311
15793,47.3701,-122.041
15794,47.7336,-122.19
15795,47.7394,-121.965
15796,47.5192,-122.266
15797,47.5192,-122.266
15798,47.7565,-122.305
15799,47.343,-122.316
15800,47.7641,-122.265
15801,47.725,-121.96700000000001
15802,47.4793,-122.336
15803,47.5472,-122.3
15804,47.3046,-122.22200000000001
15805,47.4206,-122.316
15806,47.6467,-122.39399999999999
15807,47.6557,-122.197
15808,47.5391,-122.069
15809,47.371,-122.055
15810,47.4999,-122.165
15811,47.5121,-122.24799999999999
15812,47.5434,-122.375
15813,47.4898,-122.12700000000001
15814,47.5515,-122.113
15815,47.2978,-122.376
15816,47.6148,-122.309
15817,47.6286,-122.064
15818,47.4252,-122.163
15819,47.6971,-122.13
15820,47.6158,-122.10799999999999
15821,47.6264,-122.28299999999999
15822,47.5517,-122.147
15823,47.43899999999999,-122.152
15824,47.6897,-122.175
15825,47.5733,-122.31200000000001
15826,47.7308,-122.28200000000001
15827,47.6464,-122.40100000000001
15828,47.7651,-122.277
15829,47.6927,-122.124
15830,47.4887,-121.78399999999999
15831,47.3787,-122.169
15832,47.7,-122.3
15833,47.6826,-122.311
15834,47.5542,-122.09700000000001
15835,47.5066,-122.175
15836,47.2845,-122.26700000000001
15837,47.4936,-122.337
15838,47.7774,-122.35
15839,47.3205,-122.33
15840,47.6928,-122.125
15841,47.2032,-121.964
15842,47.6989,-122.12
15843,47.3157,-122.251
15844,47.6913,-122.381
15845,47.652,-122.404
15846,47.3673,-122.01700000000001
15847,47.5104,-122.166
15848,47.5619,-122.4
15849,47.6915,-122.321
15850,47.7389,-122.324
15851,47.5452,-122.37899999999999
15852,47.7218,-122.306
15853,47.5621,-122.28299999999999
15854,47.3245,-122.38
15855,47.43899999999999,-122.135
15856,47.6878,-122.331
15857,47.2629,-122.275
15858,47.6809,-122.311
15859,47.5505,-122.152
15860,47.7434,-122.26299999999999
15861,47.6774,-122.325
15862,47.7389,-122.32600000000001
15863,47.4991,-122.164
15864,47.3677,-122.09100000000001
15865,47.6729,-122.064
15866,47.6797,-122.292
15867,47.6475,-122.40899999999999
15868,47.51300000000001,-122.35799999999999
15869,47.5647,-121.90299999999999
15870,47.25899999999999,-122.215
15871,47.6905,-122.305
15872,47.6588,-122.344
15873,47.6387,-122.20700000000001
15874,47.7074,-122.219
15875,47.7104,-122.213
15876,47.6472,-122.01700000000001
15877,47.5324,-121.76299999999999
15878,47.6135,-122.213
15879,47.3241,-122.275
15880,47.7492,-122.311
15881,47.6796,-122.104
15882,47.7372,-121.98100000000001
15883,47.3561,-122.056
15884,47.70399999999999,-122.34299999999999
15885,47.5418,-122.295
15886,47.6496,-122.391
15887,47.7384,-122.324
15888,47.7476,-122.086
15889,47.5546,-122.37700000000001
15890,47.5999,-121.976
15891,47.492,-122.225
15892,47.45,-122.12100000000001
15893,47.6205,-122.06299999999999
15894,47.7412,-122.34299999999999
15895,47.544,-122.385
15896,47.6981,-122.34100000000001
15897,47.6975,-122.12
15898,47.586999999999996,-121.96600000000001
15899,47.3768,-122.17
15900,47.5224,-122.35
15901,47.6816,-122.199
15902,47.666000000000004,-122.33200000000001
15903,47.4234,-122.34200000000001
15904,47.5706,-122.40299999999999
15905,47.3073,-122.395
15906,47.4379,-122.337
15907,47.5342,-122.36
15908,47.6364,-121.984
15909,47.5125,-122.19200000000001
15910,47.6886,-122.27600000000001
15911,47.488,-122.221
15912,47.5481,-122.156
15913,47.611000000000004,-122.12200000000001
15914,47.7132,-122.03200000000001
15915,47.5358,-122.235
15916,47.5605,-122.115
15917,47.6666,-122.331
15918,47.6462,-122.191
15919,47.6511,-122.368
15920,47.4816,-121.70100000000001
15921,47.2416,-121.979
15922,47.5086,-122.25200000000001
15923,47.3431,-122.305
15924,47.7194,-122.37100000000001
15925,47.511,-122.17200000000001
15926,47.3713,-122.186
15927,47.4631,-122.36200000000001
15928,47.7074,-122.29
15929,47.4903,-122.178
15930,47.567,-122.15100000000001
15931,47.5814,-122.029
15932,47.3318,-122.281
15933,47.7741,-122.37899999999999
15934,47.6199,-122.141
15935,47.4337,-122.329
15936,47.7465,-122.32600000000001
15937,47.4697,-122.351
15938,47.2932,-122.26700000000001
15939,47.3538,-122.301
15940,47.4376,-122.456
15941,47.6122,-122.288
15942,47.431999999999995,-122.27600000000001
15943,47.5574,-122.214
15944,47.50899999999999,-122.15700000000001
15945,47.7234,-122.32799999999999
15946,47.5284,-122.17299999999999
15947,47.6735,-122.375
15948,47.3441,-122.04
15949,47.5039,-122.361
15950,47.46100000000001,-121.992
15951,47.6846,-122.345
15952,47.7449,-122.223
15953,47.6357,-122.37299999999999
15954,47.3563,-122.039
15955,47.7257,-122.329
15956,47.6936,-122.12799999999999
15957,47.5882,-122.117
15958,47.6977,-122.292
15959,47.6624,-122.336
15960,47.4315,-122.169
15961,47.4474,-122.14399999999999
15962,47.2861,-122.25200000000001
15963,47.5485,-122.214
15964,47.3519,-122.17299999999999
15965,47.6526,-122.34899999999999
15966,47.681999999999995,-121.913
15967,47.476000000000006,-122.15100000000001
15968,47.6956,-122.36
15969,47.306999999999995,-122.37200000000001
15970,47.4698,-122.264
15971,47.5443,-122.382
15972,47.4492,-122.2
15973,47.4778,-122.146
15974,47.6717,-122.35600000000001
15975,47.2873,-122.251
15976,47.2886,-122.21799999999999
15977,47.6118,-122.28399999999999
15978,47.6545,-122.344
15979,47.5956,-122.17200000000001
15980,47.7488,-122.292
15981,47.553999999999995,-122.385
15982,47.5103,-122.38600000000001
15983,47.2133,-122.007
15984,47.7538,-122.32700000000001
15985,47.4896,-122.14
15986,47.617,-122.051
15987,47.617,-122.051
15988,47.5887,-122.064
15989,47.7202,-122.22
15990,47.6395,-122.211
15991,47.6801,-122.305
15992,47.762,-122.36200000000001
15993,47.6025,-122.31
15994,47.3413,-122.29
15995,47.4614,-121.713
15996,47.4797,-122.126
15997,47.7762,-122.337
15998,47.6227,-122.20700000000001
15999,47.6227,-122.20700000000001
16000,47.4619,-122.15299999999999
16001,47.589,-122.165
16002,47.492,-122.36399999999999
16003,47.7365,-122.037
16004,47.63399999999999,-122.119
16005,47.4616,-121.98
16006,47.6341,-122.28399999999999
16007,47.6526,-122.384
16008,47.4909,-122.15700000000001
16009,47.6857,-122.37799999999999
16010,47.7128,-122.03200000000001
16011,47.6429,-122.412
16012,47.4558,-122.36200000000001
16013,47.4824,-122.152
16014,47.6868,-122.348
16015,47.3179,-122.257
16016,47.7059,-122.34100000000001
16017,47.3753,-122.155
16018,47.7768,-122.26799999999999
16019,47.7082,-122.01899999999999
16020,47.6325,-122.064
16021,47.3205,-122.178
16022,47.6251,-122.02600000000001
16023,47.7232,-122.37100000000001
16024,47.553000000000004,-122.11399999999999
16025,47.385,-122.169
16026,47.4924,-122.34
16027,47.4038,-122.036
16028,47.6324,-122.02799999999999
16029,47.6835,-122.161
16030,47.7646,-122.302
16031,47.773999999999994,-122.351
16032,47.675,-122.289
16033,47.2623,-122.305
16034,47.4576,-122.348
16035,47.7169,-122.353
16036,47.5091,-122.262
16037,47.5254,-122.318
16038,47.6624,-122.34700000000001
16039,47.3634,-122.09
16040,47.5494,-122.274
16041,47.7407,-122.18299999999999
16042,47.736000000000004,-122.23100000000001
16043,47.4798,-121.727
16044,47.5709,-122.406
16045,47.6225,-122.10799999999999
16046,47.2846,-122.19200000000001
16047,47.5602,-122.37799999999999
16048,47.6347,-122.17299999999999
16049,47.2911,-122.353
16050,47.5212,-122.19200000000001
16051,47.4889,-122.31700000000001
16052,47.6938,-122.35600000000001
16053,47.567,-122.124
16054,47.5686,-122.154
16055,47.7363,-122.25399999999999
16056,47.7153,-122.221
16057,47.3503,-122.291
16058,47.7676,-122.339
16059,47.684,-122.376
16060,47.6851,-122.395
16061,47.6977,-122.365
16062,47.4405,-122.134
16063,47.465,-122.12299999999999
16064,47.7406,-122.07
16065,47.3601,-122.035
16066,47.5532,-122.28
16067,47.6838,-122.212
16068,47.5145,-122.27
16069,47.4608,-122.065
16070,47.6839,-122.361
16071,47.7769,-122.25299999999999
16072,47.4893,-122.229
16073,47.3139,-122.212
16074,47.6971,-122.34100000000001
16075,47.7042,-122.37100000000001
16076,47.478,-122.35799999999999
16077,47.5668,-122.383
16078,47.5384,-122.37
16079,47.7333,-122.24600000000001
16080,47.6753,-122.363
16081,47.3427,-122.325
16082,47.6945,-122.33
16083,47.3746,-122.02600000000001
16084,47.68899999999999,-122.196
16085,47.4579,-121.98100000000001
16086,47.7735,-122.38600000000001
16087,47.7159,-122.1
16088,47.6105,-122.309
16089,47.479,-122.132
16090,47.589,-122.31299999999999
16091,47.7742,-122.166
16092,47.6364,-122.28
16093,47.3098,-122.209
16094,47.7152,-122.34200000000001
16095,47.589,-121.98299999999999
16096,47.508,-122.113
16097,47.6919,-122.31299999999999
16098,47.4976,-122.225
16099,47.6935,-122.11200000000001
16100,47.4487,-121.98100000000001
16101,47.5893,-122.165
16102,47.5147,-122.193
16103,47.6971,-122.31700000000001
16104,47.2089,-122.01100000000001
16105,47.7397,-122.3
16106,47.5591,-122.229
16107,47.3192,-122.385
16108,47.458999999999996,-122.355
16109,47.6256,-122.036
16110,47.6308,-122.287
16111,47.676,-122.272
16112,47.6585,-122.186
16113,47.7642,-122.264
16114,47.33,-122.22
16115,47.6246,-122.31200000000001
16116,47.6934,-122.321
16117,47.7256,-122.18
16118,47.6934,-122.163
16119,47.7694,-122.367
16120,47.4445,-122.12299999999999
16121,47.3678,-122.124
16122,47.6479,-122.12
16123,47.4922,-122.141
16124,47.5897,-122.314
16125,47.7091,-122.292
16126,47.6223,-122.04299999999999
16127,47.6722,-122.389
16128,47.7332,-122.19200000000001
16129,47.2738,-122.3
16130,47.6872,-122.036
16131,47.5342,-121.866
16132,47.6253,-122.119
16133,47.7477,-122.21700000000001
16134,47.5621,-122.16799999999999
16135,47.7735,-122.227
16136,47.5302,-121.84899999999999
16137,47.3675,-122.095
16138,47.7308,-122.19
16139,47.5276,-122.346
16140,47.7249,-122.287
16141,47.7213,-122.171
16142,47.7092,-122.015
16143,47.7249,-122.18700000000001
16144,47.2622,-122.212
16145,47.562,-122.39299999999999
16146,47.7294,-122.329
16147,47.7161,-122.33
16148,47.62300000000001,-122.205
16149,47.2891,-122.221
16150,47.4435,-122.274
16151,47.6695,-122.36
16152,47.4916,-122.22399999999999
16153,47.7607,-122.209
16154,47.6908,-122.169
16155,47.6462,-121.90899999999999
16156,47.5244,-121.84200000000001
16157,47.6796,-122.402
16158,47.4761,-121.723
16159,47.5504,-122.07700000000001
16160,47.7609,-122.29700000000001
16161,47.6831,-122.34299999999999
16162,47.4319,-122.339
16163,47.2917,-122.37299999999999
16164,47.3102,-122.023
16165,47.5013,-122.244
16166,47.5705,-122.376
16167,47.7503,-122.334
16168,47.7088,-122.015
16169,47.733999999999995,-121.965
16170,47.63800000000001,-122.213
16171,47.768,-122.259
16172,47.5369,-122.37799999999999
16173,47.4396,-122.353
16174,47.4188,-121.949
16175,47.631,-122.042
16176,47.2622,-122.219
16177,47.6751,-122.37899999999999
16178,47.5278,-122.34299999999999
16179,47.6491,-122.20100000000001
16180,47.6034,-122.12200000000001
16181,47.7304,-122.24
16182,47.5916,-122.07600000000001
16183,47.6413,-122.35700000000001
16184,47.4808,-122.315
16185,47.6629,-122.26899999999999
16186,47.5034,-122.245
16187,47.5185,-122.39200000000001
16188,47.3756,-122.29700000000001
16189,47.722,-122.194
16190,47.4452,-121.77
16191,47.5947,-122.134
16192,47.6499,-122.391
16193,47.6513,-122.368
16194,47.2986,-122.37200000000001
16195,47.7628,-122.162
16196,47.6863,-122.189
16197,47.3528,-122.146
16198,47.49100000000001,-122.18799999999999
16199,47.5396,-122.27600000000001
16200,47.2895,-122.352
16201,47.5352,-122.38
16202,47.4753,-122.34200000000001
16203,47.696999999999996,-122.39
16204,47.6995,-122.228
16205,47.5513,-121.994
16206,47.5978,-122.29899999999999
16207,47.3834,-122.16799999999999
16208,47.5078,-122.236
16209,47.4939,-122.256
16210,47.4727,-122.29700000000001
16211,47.501999999999995,-122.385
16212,47.6973,-122.295
16213,47.6819,-122.036
16214,47.323,-122.21600000000001
16215,47.5427,-121.887
16216,47.4956,-122.15100000000001
16217,47.4558,-122.177
16218,47.3542,-122.055
16219,47.711999999999996,-122.229
16220,47.5401,-122.29299999999999
16221,47.5882,-122.01
16222,47.475,-122.258
16223,47.4886,-122.24600000000001
16224,47.3551,-122.054
16225,47.708999999999996,-122.35
16226,47.68600000000001,-122.036
16227,47.6937,-122.361
16228,47.32100000000001,-122.185
16229,47.36600000000001,-122.01700000000001
16230,47.6674,-122.279
16231,47.6109,-122.302
16232,47.7233,-122.221
16233,47.3944,-122.18700000000001
16234,47.58600000000001,-122.117
16235,47.6819,-122.272
16236,47.629,-122.117
16237,47.3444,-122.304
16238,47.6982,-122.23100000000001
16239,47.5894,-122.243
16240,47.2587,-122.25299999999999
16241,47.3122,-122.369
16242,47.5586,-122.383
16243,47.3877,-122.171
16244,47.6354,-122.221
16245,47.5001,-122.242
16246,47.5662,-122.10799999999999
16247,47.5066,-122.37700000000001
16248,47.7115,-122.23899999999999
16249,47.6594,-122.14399999999999
16250,47.4938,-122.337
16251,47.6092,-122.294
16252,47.5894,-121.98
16253,47.5887,-122.20100000000001
16254,47.6232,-122.236
16255,47.5554,-122.274
16256,47.3689,-122.057
16257,47.6878,-122.35
16258,47.7487,-122.303
16259,47.4969,-122.3
16260,47.3793,-122.146
16261,47.2608,-122.209
16262,47.4698,-122.36
16263,47.2027,-122.0
16264,47.5024,-122.333
16265,47.7037,-122.016
16266,47.6318,-122.039
16267,47.6441,-122.154
16268,47.7402,-122.035
16269,47.3202,-122.395
16270,47.7542,-122.37200000000001
16271,47.4812,-122.12299999999999
16272,47.6569,-122.088
16273,47.2762,-122.148
16274,47.7586,-121.911
16275,47.4605,-122.206
16276,47.7538,-122.322
16277,47.5706,-122.16
16278,47.7544,-122.303
16279,47.6339,-122.39200000000001
16280,47.6421,-122.35
16281,47.75,-122.176
16282,47.6435,-122.37299999999999
16283,47.562,-122.139
16284,47.5849,-122.113
16285,47.6852,-122.4
16286,47.6378,-122.185
16287,47.6349,-122.318
16288,47.6395,-122.234
16289,47.7712,-122.339
16290,47.5559,-122.149
16291,47.3541,-122.015
16292,47.3299,-122.26899999999999
16293,47.3842,-122.042
16294,47.3219,-122.34100000000001
16295,47.4486,-122.288
16296,47.6466,-122.119
16297,47.4845,-121.775
16298,47.3274,-122.346
16299,47.3191,-122.177
16300,47.7245,-122.163
16301,47.31100000000001,-122.00299999999999
16302,47.7427,-122.072
16303,47.6347,-122.02600000000001
16304,47.3207,-122.275
16305,47.6778,-122.26700000000001
16306,47.7758,-122.301
16307,47.5468,-121.99799999999999
16308,47.6539,-122.352
16309,47.6252,-122.104
16310,47.6067,-122.01700000000001
16311,47.4787,-122.302
16312,47.3208,-122.337
16313,47.6387,-122.396
16314,47.4525,-122.149
16315,47.3256,-122.29799999999999
16316,47.775,-122.125
16317,47.481,-122.163
16318,47.3363,-122.213
16319,47.5121,-122.24799999999999
16320,47.56,-122.04
16321,47.5641,-122.221
16322,47.4593,-122.34299999999999
16323,47.6226,-122.319
16324,47.6791,-122.113
16325,47.3839,-122.038
16326,47.3881,-122.234
16327,47.6038,-122.294
16328,47.3303,-122.26899999999999
16329,47.5566,-122.02600000000001
16330,47.3019,-122.34100000000001
16331,47.5265,-121.835
16332,47.5684,-122.01799999999999
16333,47.5689,-122.28399999999999
16334,47.5744,-122.28299999999999
16335,47.6662,-122.057
16336,47.6964,-122.36200000000001
16337,47.701,-122.39
16338,47.5211,-122.15100000000001
16339,47.2881,-122.22
16340,47.6408,-122.307
16341,47.3385,-122.256
16342,47.3015,-122.21600000000001
16343,47.6758,-122.375
16344,47.5156,-122.204
16345,47.5359,-122.213
16346,47.7316,-122.169
16347,47.3253,-122.29799999999999
16348,47.5414,-121.86399999999999
16349,47.5674,-122.367
16350,47.6272,-122.318
16351,47.4779,-122.34200000000001
16352,47.7034,-122.307
16353,47.3736,-122.18799999999999
16354,47.6954,-122.199
16355,47.6558,-122.334
16356,47.6807,-122.031
16357,47.3196,-122.351
16358,47.6193,-122.014
16359,47.7514,-122.10799999999999
16360,47.2631,-122.212
16361,47.4862,-122.33
16362,47.5533,-122.156
16363,47.6335,-122.236
16364,47.5463,-122.381
16365,47.3006,-122.223
16366,47.6425,-122.374
16367,47.5007,-122.382
16368,47.7273,-122.211
16369,47.7362,-122.17200000000001
16370,47.691,-122.303
16371,47.6296,-122.205
16372,47.7583,-122.34299999999999
16373,47.6956,-122.311
16374,47.7735,-122.281
16375,47.6526,-122.191
16376,47.3099,-122.384
16377,47.5467,-122.37700000000001
16378,47.6938,-122.215
16379,47.5755,-122.21799999999999
16380,47.4569,-122.354
16381,47.6984,-122.132
16382,47.5748,-122.23700000000001
16383,47.5513,-121.99799999999999
16384,47.4222,-122.331
16385,47.2878,-122.35799999999999
16386,47.426,-122.285
16387,47.6409,-122.40100000000001
16388,47.3666,-122.12799999999999
16389,47.6755,-122.177
16390,47.641999999999996,-122.36
16391,47.5278,-122.06299999999999
16392,47.7152,-122.16799999999999
16393,47.525,-122.37100000000001
16394,47.5401,-122.07
16395,47.4671,-122.212
16396,47.6038,-122.02
16397,47.6955,-122.295
16398,47.5582,-122.13600000000001
16399,47.536,-121.85799999999999
16400,47.7391,-122.241
16401,47.5354,-121.869
16402,47.5029,-122.18799999999999
16403,47.775,-122.124
16404,47.4996,-122.37799999999999
16405,47.6633,-122.324
16406,47.5999,-122.3
16407,47.381,-122.03299999999999
16408,47.5754,-122.305
16409,47.5434,-122.27
16410,47.6968,-122.279
16411,47.5551,-122.382
16412,47.6992,-122.385
16413,47.732,-121.98200000000001
16414,47.5585,-122.31700000000001
16415,47.6033,-122.155
16416,47.5382,-122.11399999999999
16417,47.6319,-122.041
16418,47.3507,-122.007
16419,47.6757,-122.32700000000001
16420,47.6561,-122.34100000000001
16421,47.6457,-122.05799999999999
16422,47.5938,-122.315
16423,47.6104,-122.113
16424,47.5405,-122.26299999999999
16425,47.4007,-122.198
16426,47.7532,-122.139
16427,47.6224,-122.195
16428,47.6781,-122.375
16429,47.5955,-122.294
16430,47.6172,-122.061
16431,47.4951,-122.24799999999999
16432,47.4579,-122.068
16433,47.6482,-122.35799999999999
16434,47.6878,-122.212
16435,47.5519,-122.156
16436,47.7374,-122.18299999999999
16437,47.5545,-122.35600000000001
16438,47.5179,-122.387
16439,47.7721,-122.37200000000001
16440,47.7153,-122.257
16441,47.3769,-122.23700000000001
16442,47.4164,-121.95100000000001
16443,47.5595,-122.04
16444,47.4585,-122.28299999999999
16445,47.7209,-122.318
16446,47.5075,-122.35799999999999
16447,47.4905,-122.191
16448,47.6214,-122.06299999999999
16449,47.5314,-122.37799999999999
16450,47.7103,-122.10799999999999
16451,47.3693,-122.169
16452,47.5714,-121.991
16453,47.5565,-122.275
16454,47.5939,-122.15
16455,47.7364,-122.295
16456,47.4031,-122.17200000000001
16457,47.29600000000001,-122.219
16458,47.72,-122.213
16459,47.361999999999995,-122.309
16460,47.6855,-122.111
16461,47.7281,-122.311
16462,47.6656,-122.271
16463,47.4386,-122.12700000000001
16464,47.6078,-122.292
16465,47.6919,-122.21
16466,47.7303,-122.19200000000001
16467,47.5002,-122.24700000000001
16468,47.4217,-122.197
16469,47.6658,-122.149
16470,47.726000000000006,-122.221
16471,47.5015,-122.38
16472,47.4249,-122.178
16473,47.644,-122.369
16474,47.5919,-122.176
16475,47.3637,-122.057
16476,47.7467,-122.3
16477,47.7368,-122.337
16478,47.6892,-122.3
16479,47.599,-121.973
16480,47.6953,-122.199
16481,47.6303,-121.984
16482,47.5916,-122.148
16483,47.6972,-122.12899999999999
16484,47.4322,-122.291
16485,47.6414,-122.329
16486,47.5226,-122.351
16487,47.7038,-122.348
16488,47.5184,-122.196
16489,47.6666,-122.367
16490,47.4906,-122.204
16491,47.6028,-122.12
16492,47.3553,-122.149
16493,47.4565,-122.181
16494,47.3373,-122.266
16495,47.7295,-122.359
16496,47.5003,-122.24799999999999
16497,47.7348,-122.295
16498,47.261,-122.219
16499,47.5402,-122.215
16500,47.4032,-121.98200000000001
16501,47.5511,-122.391
16502,47.7566,-122.073
16503,47.7314,-122.23700000000001
16504,47.5643,-122.275
16505,47.6041,-122.126
16506,47.6279,-122.287
16507,47.4648,-122.335
16508,47.6624,-122.325
16509,47.6729,-122.166
16510,47.5417,-122.111
16511,47.6323,-122.19200000000001
16512,47.2949,-122.26899999999999
16513,47.5689,-122.156
16514,47.595,-122.016
16515,47.7284,-122.21600000000001
16516,47.5335,-122.348
16517,47.5631,-122.285
16518,47.708999999999996,-122.363
16519,47.6662,-122.32600000000001
16520,47.7598,-122.303
16521,47.2046,-121.99600000000001
16522,47.5265,-122.37899999999999
16523,47.5026,-122.465
16524,47.5313,-122.28
16525,47.6453,-122.302
16526,47.4395,-122.163
16527,47.7601,-122.351
16528,47.5157,-122.191
16529,47.3844,-122.036
16530,47.5473,-122.18700000000001
16531,47.7372,-122.221
16532,47.4916,-122.25399999999999
16533,47.7664,-122.20100000000001
16534,47.3492,-121.935
16535,47.3692,-122.126
16536,47.2979,-122.223
16537,47.5005,-122.26700000000001
16538,47.6515,-122.27799999999999
16539,47.3828,-122.098
16540,47.7218,-122.31200000000001
16541,47.3502,-122.02
16542,47.4572,-122.184
16543,47.4496,-122.209
16544,47.4414,-122.189
16545,47.5513,-121.801
16546,47.4602,-122.171
16547,47.4217,-122.31700000000001
16548,47.3948,-122.435
16549,47.4084,-122.169
16550,47.5008,-122.35799999999999
16551,47.7575,-122.361
16552,47.5716,-122.13799999999999
16553,47.562,-122.404
16554,47.5225,-122.04
16555,47.5359,-121.87799999999999
16556,47.4557,-122.443
16557,47.6755,-122.40299999999999
16558,47.7027,-122.198
16559,47.3326,-122.20100000000001
16560,47.496,-122.31700000000001
16561,47.7589,-122.354
16562,47.5459,-122.228
16563,47.53,-122.34700000000001
16564,47.4502,-122.089
16565,47.4368,-122.165
16566,47.6377,-122.211
16567,47.3127,-122.36200000000001
16568,47.6189,-122.286
16569,47.5402,-122.23100000000001
16570,47.7244,-122.2
16571,47.641999999999996,-122.35799999999999
16572,47.51600000000001,-122.375
16573,47.555,-122.0
16574,47.6395,-122.40899999999999
16575,47.6975,-122.34
16576,47.6041,-122.02
16577,47.5127,-122.169
16578,47.5317,-122.351
16579,47.6688,-122.309
16580,47.6747,-122.303
16581,47.3357,-122.17200000000001
16582,47.4093,-122.17299999999999
16583,47.5215,-122.20200000000001
16584,47.6298,-122.057
16585,47.5879,-121.973
16586,47.7166,-122.365
16587,47.489,-122.181
16588,47.6487,-122.12200000000001
16589,47.4297,-122.152
16590,47.4511,-122.17299999999999
16591,47.458999999999996,-122.00299999999999
16592,47.6691,-122.29
16593,47.7566,-122.363
16594,47.5918,-122.295
16595,47.4312,-122.196
16596,47.2958,-122.368
16597,47.6742,-122.303
16598,47.4783,-122.338
16599,47.5467,-122.359
16600,47.5463,-122.397
16601,47.6719,-122.163
16602,47.744,-122.046
16603,47.3299,-122.046
16604,47.423,-122.155
16605,47.7259,-122.29
16606,47.5232,-122.28399999999999
16607,47.4856,-121.802
16608,47.7175,-122.36399999999999
16609,47.371,-122.10799999999999
16610,47.5339,-121.85799999999999
16611,47.5502,-122.13
16612,47.6285,-122.303
16613,47.626999999999995,-122.303
16614,47.492,-122.302
16615,47.6295,-122.052
16616,47.7712,-122.285
16617,47.4611,-122.06700000000001
16618,47.6652,-122.04899999999999
16619,47.4873,-122.345
16620,47.2917,-122.184
16621,47.5847,-122.075
16622,47.5104,-122.154
16623,47.1955,-121.98700000000001
16624,47.5581,-122.363
16625,47.7704,-122.196
16626,47.7368,-122.295
16627,47.3821,-122.171
16628,47.5884,-121.991
16629,47.7355,-122.23100000000001
16630,47.558,-122.382
16631,47.6591,-122.134
16632,47.5415,-121.884
16633,47.4558,-122.171
16634,47.6806,-122.36
16635,47.6356,-122.367
16636,47.6962,-122.34200000000001
16637,47.383,-122.16799999999999
16638,47.2504,-122.0
16639,47.3303,-122.26799999999999
16640,47.3446,-122.041
16641,47.6837,-122.32
16642,47.3585,-122.286
16643,47.5848,-122.391
16644,47.446999999999996,-122.088
16645,47.7236,-122.105
16646,47.6209,-122.219
16647,47.2739,-122.249
16648,47.5322,-122.39200000000001
16649,47.4612,-121.992
16650,47.7362,-122.292
16651,47.6901,-122.331
16652,47.7102,-122.072
16653,47.2575,-122.305
16654,47.549,-122.096
16655,47.7413,-122.354
16656,47.5895,-121.994
16657,47.7737,-122.35
16658,47.7737,-122.35
16659,47.3547,-122.00299999999999
16660,47.5098,-122.47399999999999
16661,47.5445,-122.391
16662,47.6108,-122.303
16663,47.5491,-122.27600000000001
16664,47.5669,-122.28299999999999
16665,47.7291,-122.20200000000001
16666,47.6928,-121.87
16667,47.7709,-122.294
16668,47.5499,-122.274
16669,47.4556,-122.087
16670,47.4421,-122.444
16671,47.4627,-122.19
16672,47.4794,-122.07799999999999
16673,47.6945,-122.368
16674,47.3061,-122.34899999999999
16675,47.5699,-122.09200000000001
16676,47.739,-122.04799999999999
16677,47.5015,-121.773
16678,47.6478,-122.396
16679,47.5644,-121.898
16680,47.63800000000001,-122.306
16681,47.3424,-122.30799999999999
16682,47.7216,-122.289
16683,47.6201,-122.22200000000001
16684,47.6396,-122.11200000000001
16685,47.2671,-122.23299999999999
16686,47.5782,-122.292
16687,47.5486,-122.189
16688,47.6516,-122.40899999999999
16689,47.4885,-122.29799999999999
16690,47.6789,-122.363
16691,47.6885,-122.381
16692,47.3722,-122.185
16693,47.7689,-122.315
16694,47.6976,-122.166
16695,47.7617,-122.37799999999999
16696,47.5791,-122.04799999999999
16697,47.5705,-122.406
16698,47.7738,-122.15799999999999
16699,47.434,-122.109
16700,47.3897,-122.236
16701,47.4836,-122.214
16702,47.32899999999999,-122.34299999999999
16703,47.4437,-122.124
16704,47.7695,-122.35
16705,47.535,-122.289
16706,47.6285,-122.304
16707,47.4255,-122.338
16708,47.4969,-122.33
16709,47.5547,-122.272
16710,47.7433,-122.196
16711,47.5095,-122.331
16712,47.69300000000001,-122.20200000000001
16713,47.1956,-121.985
16714,47.6624,-122.34899999999999
16715,47.6151,-122.10700000000001
16716,47.39,-122.236
16717,47.7153,-122.361
16718,47.3959,-122.309
16719,47.2634,-122.31200000000001
16720,47.593,-122.29299999999999
16721,47.4447,-122.18799999999999
16722,47.7011,-122.39200000000001
16723,47.5297,-122.381
16724,47.3156,-122.12799999999999
16725,47.5938,-122.154
16726,47.725,-122.2
16727,47.5524,-122.07799999999999
16728,47.6868,-122.285
16729,47.3639,-122.08
16730,47.4336,-122.195
16731,47.7053,-122.374
16732,47.7358,-122.34200000000001
16733,47.6735,-122.36200000000001
16734,47.5472,-121.994
16735,47.3803,-122.184
16736,47.5398,-121.99700000000001
16737,47.4745,-122.295
16738,47.5779,-122.044
16739,47.2779,-122.34700000000001
16740,47.4734,-121.999
16741,47.6154,-122.291
16742,47.651,-122.384
16743,47.3266,-122.334
16744,47.6884,-122.322
16745,47.7456,-122.351
16746,47.7019,-122.171
16747,47.3355,-122.16799999999999
16748,47.5139,-122.189
16749,47.7185,-122.024
16750,47.7108,-122.23899999999999
16751,47.4806,-122.163
16752,47.7221,-122.12
16753,47.6798,-122.352
16754,47.4635,-121.991
16755,47.6902,-122.38799999999999
16756,47.7213,-122.12
16757,47.6373,-122.105
16758,47.6741,-122.354
16759,47.7615,-122.084
16760,47.687,-122.37799999999999
16761,47.6926,-122.363
16762,47.5397,-122.054
16763,47.5686,-122.389
16764,47.556999999999995,-122.295
16765,47.3555,-122.00299999999999
16766,47.5009,-122.14299999999999
16767,47.37300000000001,-122.464
16768,47.6927,-121.90100000000001
16769,47.6713,-122.383
16770,47.7151,-122.211
16771,47.4451,-121.76299999999999
16772,47.5651,-122.221
16773,47.4215,-122.20299999999999
16774,47.3123,-122.389
16775,47.29,-122.368
16776,47.4124,-122.204
16777,47.7325,-122.337
16778,47.5255,-122.17299999999999
16779,47.7216,-122.219
16780,47.435,-122.16
16781,47.6179,-122.141
16782,47.3073,-122.272
16783,47.5336,-121.855
16784,47.5204,-121.829
16785,47.7055,-122.37200000000001
16786,47.3404,-122.28
16787,47.3759,-122.238
16788,47.6262,-122.045
16789,47.303000000000004,-122.221
16790,47.6434,-122.40899999999999
16791,47.6051,-122.053
16792,47.2958,-122.285
16793,47.5468,-122.38600000000001
16794,47.6475,-122.07
16795,47.4333,-122.34700000000001
16796,47.6818,-122.311
16797,47.7475,-122.34200000000001
16798,47.3384,-122.164
16799,47.765,-122.335
16800,47.483999999999995,-122.211
16801,47.483999999999995,-122.211
16802,47.3066,-122.39399999999999
16803,47.6646,-122.208
16804,47.6858,-122.385
16805,47.6959,-122.365
16806,47.4118,-122.314
16807,47.4602,-122.152
16808,47.3809,-122.098
16809,47.7466,-122.07600000000001
16810,47.7279,-122.19200000000001
16811,47.6218,-122.23700000000001
16812,47.6365,-121.97200000000001
16813,47.6555,-122.042
16814,47.6021,-122.20200000000001
16815,47.5472,-122.37200000000001
16816,47.6364,-122.03
16817,47.5569,-122.225
16818,47.4913,-122.14299999999999
16819,47.5751,-122.39299999999999
16820,47.3537,-121.939
16821,47.6859,-122.109
16822,47.4576,-122.16
16823,47.6952,-122.402
16824,47.4952,-122.34
16825,47.7036,-122.125
16826,47.6193,-122.304
16827,47.7762,-122.257
16828,47.7654,-121.48
16829,47.7236,-122.17399999999999
16830,47.6684,-122.309
16831,47.5979,-121.97399999999999
16832,47.3427,-122.087
16833,47.5735,-122.208
16834,47.2853,-122.008
16835,47.7184,-122.226
16836,47.5997,-122.016
16837,47.6958,-122.12
16838,47.6931,-122.352
16839,47.6219,-122.109
16840,47.6381,-122.205
16841,47.743,-122.32799999999999
16842,47.7003,-122.36200000000001
16843,47.5788,-122.41
16844,47.2674,-122.306
16845,47.1948,-121.999
16846,47.5973,-122.03399999999999
16847,47.4841,-122.19
16848,47.6779,-122.075
16849,47.5939,-122.302
16850,47.7,-122.29899999999999
16851,47.7196,-122.022
16852,47.4759,-122.212
16853,47.5484,-122.17200000000001
16854,47.5382,-122.391
16855,47.613,-122.167
16856,47.6934,-122.161
16857,47.631,-122.061
16858,47.1927,-122.01100000000001
16859,47.3458,-121.948
16860,47.6883,-122.16799999999999
16861,47.6029,-122.307
16862,47.6926,-122.365
16863,47.6217,-122.021
16864,47.7708,-122.36200000000001
16865,47.6823,-122.37100000000001
16866,47.4938,-122.161
16867,47.7171,-122.307
16868,47.4749,-122.09200000000001
16869,47.3125,-121.99799999999999
16870,47.739,-122.20299999999999
16871,47.3504,-122.035
16872,47.5866,-122.118
16873,47.5812,-122.40299999999999
16874,47.7239,-122.09200000000001
16875,47.6056,-122.311
16876,47.5658,-122.318
16877,47.641999999999996,-122.405
16878,47.5094,-122.244
16879,47.6941,-122.365
16880,47.5543,-122.26799999999999
16881,47.5107,-122.257
16882,47.3968,-122.171
16883,47.5229,-122.152
16884,47.5419,-122.214
16885,47.4738,-122.264
16886,47.5318,-122.37899999999999
16887,47.5435,-122.359
16888,47.7334,-122.16799999999999
16889,47.698,-121.92
16890,47.6576,-122.186
16891,47.6808,-122.38
16892,47.4224,-122.29299999999999
16893,47.3793,-122.321
16894,47.5247,-121.926
16895,47.5574,-122.149
16896,47.5683,-122.28299999999999
16897,47.7056,-122.223
16898,47.548,-122.375
16899,47.6222,-122.03399999999999
16900,47.5659,-121.863
16901,47.2921,-122.215
16902,47.7378,-122.21799999999999
16903,47.3397,-121.91799999999999
16904,47.6134,-122.152
16905,47.7711,-122.04799999999999
16906,47.6826,-122.096
16907,47.7235,-122.32600000000001
16908,47.7192,-121.932
16909,47.6697,-122.39200000000001
16910,47.5441,-122.273
16911,47.5398,-122.178
16912,47.5718,-122.13600000000001
16913,47.7731,-122.28200000000001
16914,47.3017,-122.12700000000001
16915,47.6205,-122.148
16916,47.733999999999995,-122.17399999999999
16917,47.6236,-122.29899999999999
16918,47.6723,-122.266
16919,47.6214,-122.227
16920,47.6486,-122.035
16921,47.5426,-122.38799999999999
16922,47.7304,-122.23100000000001
16923,47.31399999999999,-122.0
16924,47.3463,-122.30799999999999
16925,47.7354,-122.219
16926,47.6756,-122.348
16927,47.7093,-121.36399999999999
16928,47.6251,-122.3
16929,47.6818,-122.023
16930,47.6285,-122.36200000000001
16931,47.7568,-122.05
16932,47.6331,-122.094
16933,47.645,-122.38600000000001
16934,47.5901,-122.38799999999999
16935,47.4927,-122.17200000000001
16936,47.6315,-122.02799999999999
16937,47.6127,-122.286
16938,47.3721,-122.15899999999999
16939,47.468,-122.163
16940,47.6298,-122.022
16941,47.3103,-122.366
16942,47.7082,-122.221
16943,47.6855,-122.321
16944,47.7339,-122.339
16945,47.6882,-122.171
16946,47.4714,-122.273
16947,47.7516,-122.294
16948,47.3161,-122.182
16949,47.4111,-122.2
16950,47.688,-122.16799999999999
16951,47.5251,-122.37
16952,47.614,-122.294
16953,47.7183,-122.353
16954,47.695,-122.301
16955,47.6297,-122.21600000000001
16956,47.3951,-122.17200000000001
16957,47.1981,-122.00299999999999
16958,47.4909,-122.363
16959,47.4658,-122.007
16960,47.6365,-122.10799999999999
16961,47.6065,-122.291
16962,47.4192,-122.20200000000001
16963,47.5368,-122.17299999999999
16964,47.4915,-122.155
16965,47.6774,-122.361
16966,47.6824,-122.036
16967,47.3877,-122.236
16968,47.6243,-122.094
16969,47.5181,-122.36399999999999
16970,47.532,-121.85
16971,47.7481,-122.353
16972,47.6011,-122.19200000000001
16973,47.6462,-121.904
16974,47.3146,-122.37899999999999
16975,47.643,-122.37
16976,47.4423,-122.193
16977,47.751999999999995,-122.073
16978,47.7196,-122.197
16979,47.3289,-122.204
16980,47.4265,-122.163
16981,47.2407,-121.95299999999999
16982,47.6546,-122.344
16983,47.5204,-122.205
16984,47.566,-122.37299999999999
16985,47.6775,-122.16799999999999
16986,47.6977,-122.126
16987,47.6193,-122.229
16988,47.5617,-122.03
16989,47.7289,-122.335
16990,47.6438,-122.35700000000001
16991,47.5632,-122.01700000000001
16992,47.3321,-122.323
16993,47.6916,-122.38
16994,47.3515,-122.164
16995,47.3054,-122.369
16996,47.7365,-122.324
16997,47.3103,-122.382
16998,47.5533,-122.09299999999999
16999,47.6464,-122.405
17000,47.6198,-122.053
17001,47.4831,-121.76700000000001
17002,47.5463,-122.182
17003,47.4727,-122.281
17004,47.5621,-122.135
17005,47.73,-122.191
17006,47.6336,-122.025
17007,47.4849,-122.303
17008,47.7273,-122.33200000000001
17009,47.5715,-122.39399999999999
17010,47.606,-122.056
17011,47.727,-122.21700000000001
17012,47.5138,-122.17299999999999
17013,47.6289,-122.10799999999999
17014,47.3277,-122.34899999999999
17015,47.2778,-122.29799999999999
17016,47.2649,-122.242
17017,47.5549,-122.292
17018,47.5671,-121.89
17019,47.4688,-122.163
17020,47.6729,-122.363
17021,47.5462,-122.085
17022,47.6375,-122.015
17023,47.3293,-122.001
17024,47.7232,-122.131
17025,47.6406,-122.31700000000001
17026,47.7438,-122.329
17027,47.356,-122.189
17028,47.7748,-122.337
17029,47.7326,-122.226
17030,47.4113,-122.315
17031,47.5342,-122.072
17032,47.5221,-122.044
17033,47.3258,-122.323
17034,47.4933,-122.338
17035,47.7257,-122.17200000000001
17036,47.7172,-122.361
17037,47.5295,-121.829
17038,47.64,-121.96600000000001
17039,47.5264,-122.366
17040,47.3781,-122.03
17041,47.4634,-121.98700000000001
17042,47.6008,-122.118
17043,47.647,-122.064
17044,47.6556,-122.193
17045,47.566,-122.366
17046,47.7188,-122.281
17047,47.1952,-121.986
17048,47.5383,-121.87799999999999
17049,47.5513,-122.39399999999999
17050,47.5287,-122.385
17051,47.2051,-122.006
17052,47.3615,-122.087
17053,47.3615,-122.087
17054,47.6875,-122.287
17055,47.6751,-121.993
17056,47.736999999999995,-122.225
17057,47.6849,-122.367
17058,47.4947,-122.17399999999999
17059,47.5643,-122.13799999999999
17060,47.3334,-122.29799999999999
17061,47.5219,-122.38
17062,47.6144,-122.28299999999999
17063,47.483999999999995,-122.111
17064,47.7049,-122.339
17065,47.7638,-122.196
17066,47.643,-122.355
17067,47.6889,-122.34200000000001
17068,47.5699,-122.164
17069,47.522,-122.05
17070,47.4394,-122.338
17071,47.4185,-122.20700000000001
17072,47.3901,-122.17399999999999
17073,47.7602,-122.37200000000001
17074,47.4753,-122.17200000000001
17075,47.5423,-122.215
17076,47.4166,-122.18299999999999
17077,47.7206,-122.35
17078,47.7048,-122.109
17079,47.6006,-122.194
17080,47.5889,-122.249
17081,47.6548,-122.28
17082,47.7261,-122.36399999999999
17083,47.6557,-122.12700000000001
17084,47.6074,-122.305
17085,47.6901,-122.35700000000001
17086,47.5682,-122.374
17087,47.5728,-122.179
17088,47.6614,-122.056
17089,47.5331,-122.353
17090,47.3222,-122.36200000000001
17091,47.2579,-122.31200000000001
17092,47.3035,-122.382
17093,47.5681,-122.384
17094,47.7611,-122.29799999999999
17095,47.6627,-122.086
17096,47.4998,-122.15
17097,47.4807,-122.29
17098,47.7645,-122.197
17099,47.5381,-122.177
17100,47.3438,-122.323
17101,47.3337,-122.275
17102,47.3962,-122.309
17103,47.5535,-122.39
17104,47.6797,-122.025
17105,47.6866,-122.37200000000001
17106,47.3594,-122.20100000000001
17107,47.7753,-122.375
17108,47.5956,-122.02600000000001
17109,47.762,-122.321
17110,47.6073,-122.06200000000001
17111,47.3129,-122.023
17112,47.4454,-122.289
17113,47.53100000000001,-122.04700000000001
17114,47.4811,-122.339
17115,47.7067,-122.352
17116,47.7017,-122.36
17117,47.2959,-122.225
17118,47.3635,-122.18799999999999
17119,47.3095,-122.28299999999999
17120,47.3095,-122.28299999999999
17121,47.4816,-122.322
17122,47.7757,-122.35
17123,47.6348,-122.40299999999999
17124,47.5614,-122.27
17125,47.7298,-121.97200000000001
17126,47.6553,-121.913
17127,47.6535,-122.397
17128,47.5651,-122.22
17129,47.7691,-122.167
17130,47.5509,-122.37700000000001
17131,47.449,-122.155
17132,47.6102,-122.296
17133,47.6707,-122.399
17134,47.2981,-122.374
17135,47.5691,-122.00399999999999
17136,47.3816,-122.15299999999999
17137,47.6227,-122.21600000000001
17138,47.4,-122.42
17139,47.7735,-122.281
17140,47.4934,-122.166
17141,47.5851,-122.03399999999999
17142,47.7107,-122.291
17143,47.4834,-122.33200000000001
17144,47.7675,-122.26700000000001
17145,47.5472,-122.176
17146,47.2655,-122.31
17147,47.7099,-122.229
17148,47.3661,-122.094
17149,47.5188,-122.353
17150,47.6678,-122.361
17151,47.4954,-122.163
17152,47.708,-122.21600000000001
17153,47.5717,-121.991
17154,47.6836,-122.095
17155,47.5968,-122.17399999999999
17156,47.5841,-122.294
17157,47.4029,-122.196
17158,47.766999999999996,-122.164
17159,47.5282,-122.26899999999999
17160,47.5136,-122.34899999999999
17161,47.6635,-122.36200000000001
17162,47.7157,-122.234
17163,47.6258,-122.31200000000001
17164,47.4188,-122.213
17165,47.5333,-122.15100000000001
17166,47.7497,-122.12100000000001
17167,47.7635,-122.26299999999999
17168,47.5255,-122.32700000000001
17169,47.5957,-122.03200000000001
17170,47.512,-122.17399999999999
17171,47.4743,-122.02600000000001
17172,47.3684,-122.12299999999999
17173,47.6783,-122.03200000000001
17174,47.7271,-122.215
17175,47.5563,-122.219
17176,47.5741,-122.133
17177,47.5352,-121.883
17178,47.5566,-122.37799999999999
17179,47.4601,-122.36
17180,47.4939,-122.318
17181,47.6809,-122.305
17182,47.7028,-122.295
17183,47.4235,-122.051
17184,47.4852,-122.164
17185,47.4562,-122.193
17186,47.5323,-122.23700000000001
17187,47.3812,-122.223
17188,47.7001,-122.17299999999999
17189,47.5886,-121.98899999999999
17190,47.5527,-122.12
17191,47.5527,-122.12
17192,47.7404,-122.186
17193,47.6078,-122.154
17194,47.595,-122.17200000000001
17195,47.6232,-122.235
17196,47.7726,-122.081
17197,47.5049,-122.18
17198,47.7691,-122.38799999999999
17199,47.3324,-122.28
17200,47.3871,-122.189
17201,47.4663,-122.363
17202,47.3234,-122.14200000000001
17203,47.7047,-122.34
17204,47.397,-122.18700000000001
17205,47.2194,-122.059
17206,47.7024,-122.359
17207,47.5569,-122.15100000000001
17208,47.6457,-122.374
17209,47.5644,-122.09200000000001
17210,47.3608,-122.194
17211,47.6874,-122.178
17212,47.5247,-122.052
17213,47.7248,-122.162
17214,47.3203,-122.385
17215,47.3783,-122.22
17216,47.6245,-122.236
17217,47.288999999999994,-122.212
17218,47.5319,-121.84
17219,47.3224,-122.14299999999999
17220,47.6611,-122.169
17221,47.631,-122.303
17222,47.5046,-122.3
17223,47.5807,-122.389
17224,47.4905,-122.331
17225,47.5849,-122.169
17226,47.6275,-122.305
17227,47.7303,-122.238
17228,47.6424,-122.374
17229,47.4701,-121.744
17230,47.5976,-122.039
17231,47.6771,-122.18700000000001
17232,47.5327,-122.23200000000001
17233,47.4776,-121.73
17234,47.6723,-122.08200000000001
17235,47.6083,-122.06
17236,47.3727,-122.054
17237,47.3623,-122.12700000000001
17238,47.5362,-122.06700000000001
17239,47.512,-122.376
17240,47.5619,-122.382
17241,47.3676,-122.046
17242,47.4663,-122.006
17243,47.7048,-122.10700000000001
17244,47.6724,-122.296
17245,47.7278,-122.21799999999999
17246,47.5754,-122.01299999999999
17247,47.5123,-122.32
17248,47.4635,-121.74600000000001
17249,47.5713,-122.02
17250,47.3433,-122.037
17251,47.6223,-121.869
17252,47.5832,-122.02
17253,47.5314,-122.37299999999999
17254,47.4002,-122.189
17255,47.5463,-122.015
17256,47.3776,-122.116
17257,47.5233,-122.37799999999999
17258,47.7598,-122.255
17259,47.3352,-122.27799999999999
17260,47.4109,-122.329
17261,47.323,-122.34899999999999
17262,47.5333,-122.294
17263,47.4528,-122.17200000000001
17264,47.6753,-122.363
17265,47.5245,-122.37100000000001
17266,47.4572,-122.167
17267,47.4572,-122.167
17268,47.5078,-122.161
17269,47.6571,-122.396
17270,47.5992,-122.01899999999999
17271,47.6765,-122.389
17272,47.7255,-122.29700000000001
17273,47.5972,-122.292
17274,47.6288,-122.28200000000001
17275,47.6875,-122.33
17276,47.7089,-122.241
17277,47.7089,-122.241
17278,47.5472,-121.99799999999999
17279,47.7427,-122.071
17280,47.4863,-122.14
17281,47.6725,-122.29299999999999
17282,47.7652,-121.90299999999999
17283,47.7429,-122.321
17284,47.5123,-122.15
17285,47.7257,-122.296
17286,47.6204,-122.292
17287,47.7139,-122.292
17288,47.6589,-122.34100000000001
17289,47.5532,-122.37200000000001
17290,47.7116,-122.311
17291,47.674,-122.37100000000001
17292,47.6586,-122.35799999999999
17293,47.6831,-122.37899999999999
17294,47.5592,-122.178
17295,47.375,-122.117
17296,47.5429,-122.177
17297,47.6341,-122.34200000000001
17298,47.7624,-122.38
17299,47.373999999999995,-122.133
17300,47.7172,-122.34
17301,47.4972,-122.348
17302,47.5669,-122.012
17303,47.5532,-121.99799999999999
17304,47.7177,-122.03399999999999
17305,47.6888,-121.90899999999999
17306,47.754,-122.14399999999999
17307,47.6872,-122.34899999999999
17308,47.5453,-121.95700000000001
17309,47.3842,-122.17
17310,47.6458,-122.21799999999999
17311,47.6374,-122.304
17312,47.3665,-122.08200000000001
17313,47.54600000000001,-122.009
17314,47.7067,-122.38
17315,47.3212,-122.352
17316,47.7132,-122.28299999999999
17317,47.5373,-121.87
17318,47.3772,-122.029
17319,47.5478,-121.999
17320,47.4413,-122.345
17321,47.6775,-122.39
17322,47.5584,-122.089
17323,47.7265,-122.13600000000001
17324,47.6618,-122.325
17325,47.5382,-121.87100000000001
17326,47.4936,-122.105
17327,47.6346,-122.36399999999999
17328,47.6358,-122.36399999999999
17329,47.4051,-122.29
17330,47.5535,-122.02799999999999
17331,47.5336,-121.867
17332,47.4286,-122.185
17333,47.6818,-122.025
17334,47.3877,-122.234
17335,47.6294,-121.911
17336,47.5693,-122.00200000000001
17337,47.5239,-122.38799999999999
17338,47.5282,-122.26700000000001
17339,47.5604,-122.027
17340,47.3411,-122.197
17341,47.7723,-122.31700000000001
17342,47.733000000000004,-122.12899999999999
17343,47.5631,-122.271
17344,47.681999999999995,-122.03399999999999
17345,47.6846,-122.163
17346,47.666000000000004,-122.289
17347,47.6345,-122.10799999999999
17348,47.7019,-122.228
17349,47.3364,-122.03299999999999
17350,47.5415,-121.884
17351,47.6312,-122.353
17352,47.5943,-121.98100000000001
17353,47.4336,-122.197
17354,47.3003,-122.37299999999999
17355,47.6821,-122.035
17356,47.3778,-122.03299999999999
17357,47.5656,-122.12200000000001
17358,47.5338,-122.03299999999999
17359,47.744,-122.292
17360,47.6321,-122.306
17361,47.4422,-122.505
17362,47.558,-122.265
17363,47.6485,-122.397
17364,47.3238,-122.14
17365,47.6881,-122.34200000000001
17366,47.3673,-122.031
17367,47.7595,-122.35600000000001
17368,47.7595,-122.35600000000001
17369,47.6872,-122.333
17370,47.7222,-122.29
17371,47.6629,-122.325
17372,47.6302,-122.069
17373,47.7192,-122.32
17374,47.5617,-122.385
17375,47.7394,-122.204
17376,47.6186,-122.06299999999999
17377,47.5821,-122.40100000000001
17378,47.3648,-122.081
17379,47.4826,-121.698
17380,47.4982,-122.36200000000001
17381,47.3623,-122.199
17382,47.6767,-122.351
17383,47.6854,-122.331
17384,47.3532,-122.304
17385,47.3331,-122.319
17386,47.5747,-122.035
17387,47.6437,-122.35600000000001
17388,47.6747,-122.295
17389,47.3585,-122.06700000000001
17390,47.6889,-122.117
17391,47.7281,-122.23200000000001
17392,47.754,-122.21700000000001
17393,47.6312,-122.22399999999999
17394,47.6693,-122.39299999999999
17395,47.3698,-122.29700000000001
17396,47.7334,-121.97
17397,47.5767,-122.23299999999999
17398,47.6408,-122.212
17399,47.6999,-122.2
17400,47.6586,-121.962
17401,47.7316,-122.338
17402,47.496,-122.189
17403,47.5369,-121.887
17404,47.6846,-122.366
17405,47.3171,-122.219
17406,47.6914,-122.37200000000001
17407,47.4488,-122.274
17408,47.282,-122.303
17409,47.6689,-122.195
17410,47.3943,-122.198
17411,47.661,-122.338
17412,47.5172,-122.053
17413,47.7444,-122.321
17414,47.4704,-121.74700000000001
17415,47.4655,-122.209
17416,47.4496,-122.12
17417,47.4821,-122.19200000000001
17418,47.3111,-122.396
17419,47.5168,-122.193
17420,47.5959,-122.198
17421,47.5872,-122.316
17422,47.3146,-122.323
17423,47.565,-122.274
17424,47.5319,-122.382
17425,47.3823,-122.166
17426,47.3745,-122.131
17427,47.5499,-121.99799999999999
17428,47.6217,-122.03399999999999
17429,47.5198,-122.389
17430,47.6507,-122.32
17431,47.6154,-122.115
17432,47.6358,-122.322
17433,47.684,-122.281
17434,47.292,-122.195
17435,47.6886,-122.359
17436,47.5878,-122.13
17437,47.3367,-122.335
17438,47.343,-122.28
17439,47.6025,-122.15299999999999
17440,47.7275,-122.23200000000001
17441,47.751999999999995,-122.14399999999999
17442,47.5257,-122.39200000000001
17443,47.5248,-122.365
17444,47.495,-122.229
17445,47.5309,-122.228
17446,47.3066,-122.21700000000001
17447,47.7062,-122.304
17448,47.6534,-122.353
17449,47.7467,-122.339
17450,47.7776,-122.375
17451,47.7014,-122.12200000000001
17452,47.5962,-122.301
17453,47.38800000000001,-122.176
17454,47.7719,-122.31
17455,47.3729,-122.037
17456,47.6326,-122.21700000000001
17457,47.5766,-122.15100000000001
17458,47.5328,-122.226
17459,47.5467,-122.181
17460,47.4997,-122.37899999999999
17461,47.6755,-122.285
17462,47.4883,-122.225
17463,47.4669,-122.355
17464,47.6849,-122.037
17465,47.5105,-121.77
17466,47.6517,-121.906
17467,47.7638,-122.27
17468,47.5208,-122.36399999999999
17469,47.5208,-122.36399999999999
17470,47.5729,-122.31
17471,47.3695,-122.10799999999999
17472,47.6911,-122.35
17473,47.6989,-122.044
17474,47.7012,-122.166
17475,47.3363,-122.331
17476,47.4743,-122.34100000000001
17477,47.6914,-122.31
17478,47.3738,-122.226
17479,47.6433,-122.3
17480,47.6205,-122.096
17481,47.5035,-122.36
17482,47.2634,-122.289
17483,47.538999999999994,-122.18
17484,47.6855,-122.321
17485,47.4913,-122.336
17486,47.5048,-122.365
17487,47.7326,-122.197
17488,47.2689,-122.01
17489,47.3639,-122.186
17490,47.3997,-122.215
17491,47.5483,-122.15799999999999
17492,47.3304,-122.302
17493,47.5847,-122.03200000000001
17494,47.7024,-122.243
17495,47.566,-122.38
17496,47.4968,-122.277
17497,47.5778,-122.382
17498,47.7381,-122.179
17499,47.6402,-122.405
17500,47.6571,-122.32600000000001
17501,47.3844,-122.0
17502,47.5496,-122.14
17503,47.7175,-122.331
17504,47.4741,-122.2
17505,47.6786,-122.37899999999999
17506,47.685,-122.359
17507,47.5507,-122.133
17508,47.6368,-122.306
17509,47.2958,-122.28399999999999
17510,47.5864,-122.301
17511,47.5754,-122.288
17512,47.6843,-122.28299999999999
17513,47.6493,-122.40100000000001
17514,47.2848,-121.927
17515,47.3314,-122.171
17516,47.6748,-122.04899999999999
17517,47.5335,-122.34899999999999
17518,47.7003,-122.165
17519,47.2589,-122.279
17520,47.4361,-122.193
17521,47.3762,-122.16
17522,47.2878,-122.251
17523,47.7731,-122.167
17524,47.5979,-122.194
17525,47.4815,-121.76799999999999
17526,47.5563,-122.281
17527,47.6186,-122.146
17528,47.49800000000001,-122.22200000000001
17529,47.7731,-121.897
17530,47.733999999999995,-122.193
17531,47.5694,-122.005
17532,47.3486,-122.15299999999999
17533,47.49,-122.15
17534,47.7427,-122.34
17535,47.5162,-122.26
17536,47.6057,-122.135
17537,47.7337,-122.132
17538,47.7242,-122.105
17539,47.5283,-122.146
17540,47.3816,-122.31299999999999
17541,47.3378,-122.348
17542,47.3274,-122.178
17543,47.7075,-122.336
17544,47.4558,-122.37100000000001
17545,47.3474,-122.303
17546,47.647,-122.369
17547,47.7054,-122.10700000000001
17548,47.4977,-122.259
17549,47.6094,-122.31
17550,47.6419,-122.39399999999999
17551,47.7191,-122.315
17552,47.5757,-122.21600000000001
17553,47.3495,-122.037
17554,47.4194,-122.211
17555,47.6389,-122.40899999999999
17556,47.586999999999996,-121.976
17557,47.2712,-122.265
17558,47.3546,-122.015
17559,47.745,-122.31299999999999
17560,47.636,-122.391
17561,47.5849,-122.03
17562,47.4134,-121.986
17563,47.5491,-122.27600000000001
17564,47.5499,-122.384
17565,47.6157,-122.05
17566,47.4852,-122.251
17567,47.4852,-122.251
17568,47.5789,-122.396
17569,47.2093,-121.962
17570,47.6931,-122.37200000000001
17571,47.5893,-122.23200000000001
17572,47.7625,-122.025
17573,47.5311,-122.381
17574,47.7063,-122.10600000000001
17575,47.7188,-122.35799999999999
17576,47.7263,-122.291
17577,47.7105,-122.289
17578,47.6953,-122.36200000000001
17579,47.578,-122.053
17580,47.6451,-122.319
17581,47.5062,-122.149
17582,47.5607,-121.961
17583,47.68600000000001,-122.351
17584,47.5248,-122.265
17585,47.4976,-122.35
17586,47.5282,-122.133
17587,47.5527,-122.37899999999999
17588,47.5045,-122.33
17589,47.5045,-122.33
17590,47.5045,-122.33
17591,47.3702,-122.07799999999999
17592,47.5227,-122.19
17593,47.6959,-121.921
17594,47.6487,-122.38799999999999
17595,47.5117,-122.37899999999999
17596,47.478,-122.27799999999999
17597,47.4695,-122.07
17598,47.6829,-122.20200000000001
17599,47.2575,-122.31200000000001
17600,47.4838,-122.335
17601,47.2908,-122.351
17602,47.6019,-122.12299999999999
17603,47.3586,-122.074
17604,47.7358,-122.17
17605,47.7746,-122.15799999999999
17606,47.5104,-121.787
17607,47.7015,-122.32
17608,47.6927,-122.395
17609,47.4115,-122.197
17610,47.3503,-122.039
17611,47.6792,-122.287
17612,47.63399999999999,-122.204
17613,47.7708,-122.335
17614,47.2583,-122.3
17615,47.6821,-122.19
17616,47.6593,-122.39399999999999
17617,47.5621,-122.28299999999999
17618,47.6655,-122.34
17619,47.6792,-122.303
17620,47.6962,-122.346
17621,47.5274,-122.281
17622,47.7681,-122.307
17623,47.3552,-122.06299999999999
17624,47.5908,-122.06200000000001
17625,47.4906,-121.775
17626,47.6718,-122.39399999999999
17627,47.6853,-122.286
17628,47.6729,-122.38
17629,47.6581,-122.354
17630,47.753,-122.244
17631,47.3542,-122.181
17632,47.663000000000004,-122.402
17633,47.7052,-122.223
17634,47.7249,-122.024
17635,47.6567,-122.325
17636,47.5738,-122.01700000000001
17637,47.31800000000001,-122.391
17638,47.556999999999995,-122.365
17639,47.6854,-122.37299999999999
17640,47.7002,-122.19200000000001
17641,47.5523,-122.119
17642,47.5277,-122.184
17643,47.3573,-122.324
17644,47.3648,-122.046
17645,47.2495,-121.97
17646,47.6244,-122.32600000000001
17647,47.3833,-122.306
17648,47.6958,-122.35700000000001
17649,47.7504,-122.307
17650,47.258,-122.305
17651,47.663999999999994,-121.993
17652,47.637,-122.324
17653,47.6988,-122.31299999999999
17654,47.701,-122.199
17655,47.7042,-122.18700000000001
17656,47.5584,-122.137
17657,47.6358,-122.02600000000001
17658,47.7037,-122.24
17659,47.4014,-122.186
17660,47.6733,-122.296
17661,47.7362,-122.29
17662,47.6276,-122.037
17663,47.5353,-121.897
17664,47.6404,-122.40799999999999
17665,47.7612,-122.381
17666,47.5926,-122.3
17667,47.5416,-121.869
17668,47.4834,-122.001
17669,47.648,-122.118
17670,47.4565,-122.35
17671,47.5123,-122.197
17672,47.7743,-122.38799999999999
17673,47.6824,-122.036
17674,47.5695,-121.992
17675,47.5529,-122.027
17676,47.6903,-122.213
17677,47.3304,-122.13
17678,47.5395,-122.18799999999999
17679,47.3518,-122.057
17680,47.3492,-122.03399999999999
17681,47.3522,-122.059
17682,47.7133,-122.367
17683,47.556000000000004,-122.376
17684,47.3516,-122.057
17685,47.5968,-122.015
17686,47.4022,-122.166
17687,47.619,-122.064
17688,47.5402,-122.365
17689,47.5745,-122.113
17690,47.7366,-122.302
17691,47.6481,-122.061
17692,47.3616,-122.089
17693,47.4243,-122.09700000000001
17694,47.4318,-122.181
17695,47.6496,-122.413
17696,47.3185,-122.259
17697,47.6035,-122.285
17698,47.4462,-122.359
17699,47.5666,-122.132
17700,47.3467,-122.296
17701,47.585,-122.051
17702,47.5035,-122.384
17703,47.2942,-122.226
17704,47.4904,-122.15799999999999
17705,47.534,-122.161
17706,47.7033,-122.322
17707,47.6838,-122.4
17708,47.3061,-122.361
17709,47.617,-122.288
17710,47.5922,-122.29700000000001
17711,47.6843,-122.34100000000001
17712,47.401,-122.135
17713,47.7614,-122.015
17714,47.5984,-122.147
17715,47.5566,-122.27799999999999
17716,47.6426,-122.40299999999999
17717,47.7103,-122.23200000000001
17718,47.6086,-122.294
17719,47.6949,-122.21
17720,47.6756,-122.306
17721,47.5622,-122.319
17722,47.3118,-122.34
17723,47.716,-122.307
17724,47.5076,-122.17299999999999
17725,47.6932,-122.346
17726,47.527,-122.383
17727,47.6484,-122.081
17728,47.6051,-122.289
17729,47.7759,-122.08
17730,47.3417,-122.182
17731,47.3593,-122.051
17732,47.6205,-122.102
17733,47.4969,-122.178
17734,47.5444,-122.165
17735,47.556000000000004,-122.395
17736,47.3684,-122.073
17737,47.3701,-122.07799999999999
17738,47.7648,-122.11200000000001
17739,47.3318,-122.34
17740,47.6703,-122.15
17741,47.5284,-122.391
17742,47.5487,-122.126
17743,47.4492,-122.116
17744,47.5168,-122.285
17745,47.4828,-122.191
17746,47.5692,-122.295
17747,47.4449,-122.12899999999999
17748,47.5236,-122.348
17749,47.7605,-122.085
17750,47.7605,-122.085
17751,47.7488,-122.304
17752,47.6881,-122.367
17753,47.7087,-122.27600000000001
17754,47.431999999999995,-122.32799999999999
17755,47.68600000000001,-122.17200000000001
17756,47.5403,-122.16799999999999
17757,47.3811,-122.31700000000001
17758,47.4825,-122.164
17759,47.6824,-122.301
17760,47.6588,-122.40299999999999
17761,47.5822,-122.295
17762,47.6582,-122.28
17763,47.5467,-122.365
17764,47.6163,-122.219
17765,47.5714,-122.38
17766,47.5373,-122.39
17767,47.6566,-122.36
17768,47.4206,-122.324
17769,47.7148,-122.212
17770,47.3715,-122.16
17771,47.6736,-122.176
17772,47.54,-122.27
17773,47.661,-122.396
17774,47.4507,-122.12
17775,47.7469,-122.321
17776,47.3764,-122.119
17777,47.6373,-122.3
17778,47.3251,-122.186
17779,47.7552,-122.27600000000001
17780,47.684,-122.38600000000001
17781,47.6976,-122.28299999999999
17782,47.3221,-122.322
17783,47.3864,-122.31200000000001
17784,47.4978,-122.115
17785,47.338,-122.258
17786,47.2584,-122.124
17787,47.6576,-122.348
17788,47.5763,-122.154
17789,47.6693,-122.333
17790,47.4718,-122.009
17791,47.5734,-122.15299999999999
17792,47.5346,-121.875
17793,47.5267,-122.03200000000001
17794,47.6827,-122.29799999999999
17795,47.3016,-122.34200000000001
17796,47.4842,-122.117
17797,47.2787,-122.205
17798,47.6291,-122.09299999999999
17799,47.6927,-122.206
17800,47.3872,-122.154
17801,47.6398,-122.306
17802,47.6315,-122.103
17803,47.5056,-121.77
17804,47.5711,-122.391
17805,47.2064,-121.988
17806,47.4307,-122.334
17807,47.6308,-122.302
17808,47.7752,-122.198
17809,47.6842,-122.35700000000001
17810,47.7753,-122.353
17811,47.2069,-122.024
17812,47.4727,-122.29799999999999
17813,47.5541,-122.10600000000001
17814,47.5513,-122.162
17815,47.6758,-122.38600000000001
17816,47.7419,-122.073
17817,47.6095,-122.296
17818,47.5945,-122.291
17819,47.5325,-121.85600000000001
17820,47.6932,-122.3
17821,47.381,-122.056
17822,47.3718,-122.182
17823,47.5672,-122.09
17824,47.5455,-122.214
17825,47.4229,-122.15299999999999
17826,47.3608,-122.083
17827,47.4928,-122.23899999999999
17828,47.6648,-122.204
17829,47.5387,-122.277
17830,47.677,-122.33
17831,47.4881,-122.204
17832,47.6458,-122.306
17833,47.3834,-122.215
17834,47.7705,-122.26
17835,47.7604,-122.35600000000001
17836,47.6508,-122.37299999999999
17837,47.5898,-122.052
17838,47.5898,-122.052
17839,47.2667,-122.21600000000001
17840,47.5701,-122.124
17841,47.7081,-122.374
17842,47.715,-122.28200000000001
17843,47.3149,-122.37799999999999
17844,47.6732,-122.4
17845,47.5073,-122.23899999999999
17846,47.7341,-122.242
17847,47.6892,-122.306
17848,47.4991,-121.78299999999999
17849,47.6194,-122.02600000000001
17850,47.5663,-122.37899999999999
17851,47.7671,-122.334
17852,47.6599,-122.146
17853,47.5372,-122.289
17854,47.7391,-121.98200000000001
17855,47.3732,-122.179
17856,47.4881,-122.281
17857,47.4562,-122.33
17858,47.6654,-122.14200000000001
17859,47.4752,-121.757
17860,47.7077,-121.914
17861,47.6862,-122.31
17862,47.57899999999999,-122.294
17863,47.2138,-121.98200000000001
17864,47.5889,-122.389
17865,47.6733,-122.35799999999999
17866,47.5478,-122.37700000000001
17867,47.717,-122.163
17868,47.6366,-122.118
17869,47.691,-122.309
17870,47.5289,-122.03
17871,47.6811,-122.318
17872,47.496,-122.186
17873,47.5292,-122.376
17874,47.5596,-122.022
17875,47.5355,-122.39
17876,47.7622,-122.302
17877,47.631,-122.052
17878,47.5121,-122.375
17879,47.3758,-122.425
17880,47.6881,-122.31299999999999
17881,47.4969,-122.376
17882,47.5487,-122.391
17883,47.7235,-122.039
17884,47.7005,-122.352
17885,47.6304,-122.236
17886,47.6828,-122.20700000000001
17887,47.3687,-122.085
17888,47.70399999999999,-122.245
17889,47.5803,-122.227
17890,47.5477,-122.215
17891,47.6938,-122.31200000000001
17892,47.3304,-122.304
17893,47.761,-122.214
17894,47.6962,-122.321
17895,47.4193,-122.444
17896,47.6847,-122.37200000000001
17897,47.3735,-122.156
17898,47.7228,-122.35700000000001
17899,47.4864,-122.316
17900,47.4515,-122.368
17901,47.3112,-122.37799999999999
17902,47.6385,-122.167
17903,47.5998,-122.31200000000001
17904,47.4764,-122.26899999999999
17905,47.6162,-122.288
17906,47.3583,-121.92200000000001
17907,47.5048,-122.155
17908,47.4907,-122.336
17909,47.6896,-122.374
17910,47.6526,-122.34200000000001
17911,47.7707,-122.12299999999999
17912,47.7289,-122.337
17913,47.5506,-122.27600000000001
17914,47.5322,-121.851
17915,47.7293,-122.34299999999999
17916,47.61600000000001,-122.23899999999999
17917,47.6846,-122.31700000000001
17918,47.6868,-122.30799999999999
17919,47.3071,-122.381
17920,47.4583,-122.353
17921,47.6501,-122.405
17922,47.3692,-122.04700000000001
17923,47.4095,-122.296
17924,47.6766,-122.186
17925,47.5745,-122.01700000000001
17926,47.5641,-122.012
17927,47.5513,-122.135
17928,47.6583,-122.36200000000001
17929,47.4433,-122.444
17930,47.6199,-122.3
17931,47.7279,-121.96700000000001
17932,47.5281,-122.36200000000001
17933,47.7347,-122.302
17934,47.6539,-122.329
17935,47.4,-122.027
17936,47.4719,-122.191
17937,47.5378,-122.17
17938,47.5882,-122.295
17939,47.4887,-122.19200000000001
17940,47.525,-122.366
17941,47.6639,-122.399
17942,47.6644,-122.29299999999999
17943,47.4701,-122.36399999999999
17944,47.6559,-122.344
17945,47.3027,-122.376
17946,47.5468,-122.26700000000001
17947,47.3999,-122.301
17948,47.5322,-122.056
17949,47.748999999999995,-122.083
17950,47.379,-122.29
17951,47.7431,-122.336
17952,47.7633,-122.315
17953,47.699,-122.167
17954,47.3532,-122.306
17955,47.3076,-122.101
17956,47.6273,-122.03399999999999
17957,47.5539,-122.3
17958,47.435,-122.10700000000001
17959,47.6038,-122.12200000000001
17960,47.5209,-122.28
17961,47.7292,-122.212
17962,47.7267,-122.226
17963,47.4759,-122.29899999999999
17964,47.6516,-122.337
17965,47.535,-122.056
17966,47.5648,-122.21
17967,47.567,-122.38
17968,47.6084,-122.13600000000001
17969,47.5092,-122.36200000000001
17970,47.7127,-122.296
17971,47.4881,-122.14299999999999
17972,47.3293,-122.205
17973,47.773999999999994,-122.348
17974,47.5432,-122.29299999999999
17975,47.7703,-122.193
17976,47.6761,-122.384
17977,47.5357,-122.365
17978,47.6861,-122.103
17979,47.7383,-121.955
17980,47.7205,-122.323
17981,47.6275,-122.315
17982,47.3958,-122.189
17983,47.6304,-121.988
17984,47.4514,-122.18700000000001
17985,47.717,-122.101
17986,47.2057,-122.00299999999999
17987,47.7379,-122.289
17988,47.6798,-122.385
17989,47.6038,-122.303
17990,47.5549,-122.211
17991,47.61600000000001,-122.21799999999999
17992,47.4905,-122.206
17993,47.67100000000001,-122.26899999999999
17994,47.4845,-122.335
17995,47.3459,-122.32600000000001
17996,47.6177,-122.30799999999999
17997,47.6575,-122.346
17998,47.5589,-122.295
17999,47.7298,-122.34200000000001
18000,47.534,-122.17299999999999
18001,47.6926,-122.186
18002,47.3817,-122.206
18003,47.731,-122.301
18004,47.4964,-122.353
18005,47.3144,-122.27799999999999
18006,47.3397,-122.266
18007,47.6716,-122.199
18008,47.7006,-122.339
18009,47.6615,-122.27600000000001
18010,47.6252,-122.029
18011,47.7772,-122.387
18012,47.6733,-122.389
18013,47.6917,-122.38
18014,47.3109,-122.37700000000001
18015,47.7222,-122.16799999999999
18016,47.6967,-122.354
18017,47.6733,-122.145
18018,47.2151,-121.993
18019,47.7302,-122.215
18020,47.7134,-122.23700000000001
18021,47.3848,-122.03299999999999
18022,47.4544,-122.14299999999999
18023,47.403999999999996,-122.447
18024,47.3028,-122.102
18025,47.1951,-122.01
18026,47.3558,-122.01299999999999
18027,47.6375,-122.391
18028,47.4487,-121.773
18029,47.312,-122.115
18030,47.4787,-122.275
18031,47.4961,-122.235
18032,47.2871,-122.287
18033,47.3556,-122.294
18034,47.7054,-122.01100000000001
18035,47.5352,-122.37100000000001
18036,47.7123,-122.073
18037,47.528,-122.32
18038,47.4868,-122.199
18039,47.6689,-122.314
18040,47.5015,-121.772
18041,47.6475,-122.064
18042,47.6472,-122.367
18043,47.526,-122.225
18044,47.4358,-122.336
18045,47.5533,-122.363
18046,47.6551,-122.39399999999999
18047,47.7316,-122.221
18048,47.5331,-121.855
18049,47.361999999999995,-122.316
18050,47.3675,-122.147
18051,47.3815,-122.169
18052,47.5737,-122.40899999999999
18053,47.5929,-122.303
18054,47.7635,-122.262
18055,47.5891,-122.2
18056,47.713,-122.03299999999999
18057,47.6846,-122.28399999999999
18058,47.6398,-122.40299999999999
18059,47.5599,-122.10799999999999
18060,47.4911,-122.322
18061,47.6291,-122.351
18062,47.7246,-122.17299999999999
18063,47.5943,-122.302
18064,47.3895,-122.154
18065,47.6727,-122.361
18066,47.7769,-122.376
18067,47.2885,-122.21799999999999
18068,47.6867,-122.37
18069,47.6334,-122.35600000000001
18070,47.1946,-122.0
18071,47.6319,-122.035
18072,47.6857,-122.334
18073,47.6727,-122.316
18074,47.7633,-122.149
18075,47.4391,-122.117
18076,47.755,-122.316
18077,47.7351,-122.189
18078,47.3817,-122.314
18079,47.7539,-122.30799999999999
18080,47.3992,-122.164
18081,47.6647,-122.277
18082,47.3217,-122.205
18083,47.7293,-122.28299999999999
18084,47.6084,-122.01100000000001
18085,47.4839,-122.34
18086,47.6694,-122.3
18087,47.5767,-122.215
18088,47.5122,-122.35799999999999
18089,47.7112,-122.226
18090,47.5157,-121.92399999999999
18091,47.7113,-122.309
18092,47.29,-122.35799999999999
18093,47.7278,-122.226
18094,47.4556,-122.20299999999999
18095,47.5688,-122.012
18096,47.3617,-122.04700000000001
18097,47.5228,-122.15100000000001
18098,47.4057,-122.185
18099,47.5151,-122.366
18100,47.6283,-122.02600000000001
18101,47.6653,-122.333
18102,47.7111,-122.213
18103,47.6955,-122.376
18104,47.6892,-122.375
18105,47.6734,-122.185
18106,47.5432,-121.95200000000001
18107,47.7351,-121.975
18108,47.7735,-122.167
18109,47.3902,-122.208
18110,47.3182,-122.319
18111,47.4939,-122.26100000000001
18112,47.4359,-122.165
18113,47.7115,-122.014
18114,47.7032,-122.36
18115,47.474,-122.146
18116,47.5638,-122.15299999999999
18117,47.5849,-122.17
18118,47.674,-122.319
18119,47.5588,-122.211
18120,47.7534,-122.318
18121,47.6232,-122.04700000000001
18122,47.5604,-122.274
18123,47.723,-122.215
18124,47.595,-121.986
18125,47.5254,-122.39200000000001
18126,47.5287,-122.053
18127,47.3671,-122.113
18128,47.7696,-122.036
18129,47.5896,-122.12
18130,47.5733,-122.287
18131,47.7599,-122.215
18132,47.5846,-122.223
18133,47.3569,-122.20200000000001
18134,47.5345,-121.867
18135,47.6842,-122.309
18136,47.5338,-122.36
18137,47.6027,-122.12200000000001
18138,47.742,-122.035
18139,47.7358,-122.319
18140,47.6999,-122.28399999999999
18141,47.4459,-122.27799999999999
18142,47.5514,-122.271
18143,47.4683,-122.359
18144,47.6471,-121.964
18145,47.3193,-122.212
18146,47.5164,-122.26799999999999
18147,47.5423,-122.385
18148,47.4006,-122.162
18149,47.5785,-122.29299999999999
18150,47.6849,-122.374
18151,47.5581,-122.316
18152,47.4878,-122.13
18153,47.4862,-121.79700000000001
18154,47.4562,-122.196
18155,47.6537,-122.335
18156,47.6886,-122.354
18157,47.6384,-121.969
18158,47.4874,-122.306
18159,47.5323,-122.383
18160,47.6771,-122.319
18161,47.6651,-122.285
18162,47.7343,-122.335
18163,47.6367,-122.37
18164,47.5234,-122.04299999999999
18165,47.54,-121.97
18166,47.678999999999995,-122.113
18167,47.4899,-122.185
18168,47.678000000000004,-122.37299999999999
18169,47.5589,-122.116
18170,47.4535,-122.361
18171,47.7326,-122.36
18172,47.4872,-122.14399999999999
18173,47.4783,-122.285
18174,47.6791,-122.209
18175,47.6645,-122.35799999999999
18176,47.5543,-122.29
18177,47.3394,-122.281
18178,47.739,-122.249
18179,47.7597,-122.167
18180,47.5676,-122.398
18181,47.5648,-122.316
18182,47.5501,-122.12799999999999
18183,47.5234,-122.288
18184,47.7511,-122.17
18185,47.6083,-122.11
18186,47.7295,-122.057
18187,47.4166,-121.94
18188,47.6301,-122.301
18189,47.5602,-122.292
18190,47.6551,-122.353
18191,47.3081,-122.39200000000001
18192,47.6708,-122.262
18193,47.6597,-122.331
18194,47.5358,-122.213
18195,47.6484,-122.182
18196,47.4039,-122.18799999999999
18197,47.63399999999999,-122.03299999999999
18198,47.4235,-122.21799999999999
18199,47.6563,-122.131
18200,47.4731,-122.32700000000001
18201,47.5413,-122.288
18202,47.4918,-122.064
18203,47.5007,-122.359
18204,47.7145,-122.311
18205,47.4377,-122.279
18206,47.3504,-122.035
18207,47.3639,-122.185
18208,47.6456,-122.383
18209,47.5896,-122.243
18210,47.6359,-122.035
18211,47.6286,-122.118
18212,47.6709,-122.406
18213,47.2328,-121.945
18214,47.4711,-122.291
18215,47.5503,-122.28
18216,47.2858,-122.212
18217,47.3675,-122.11
18218,47.6183,-122.3
18219,47.586999999999996,-122.134
18220,47.586999999999996,-122.134
18221,47.5389,-122.17299999999999
18222,47.4973,-122.177
18223,47.6123,-122.314
18224,47.6361,-122.04700000000001
18225,47.5537,-122.38799999999999
18226,47.7412,-122.087
18227,47.7677,-122.135
18228,47.6212,-122.29799999999999
18229,47.6875,-122.336
18230,47.5381,-122.374
18231,47.6873,-122.04299999999999
18232,47.7489,-122.3
18233,47.2994,-122.37
18234,47.7256,-122.259
18235,47.3904,-122.176
18236,47.6779,-122.03399999999999
18237,47.5261,-121.82700000000001
18238,47.7382,-121.975
18239,47.6203,-122.036
18240,47.4342,-122.17
18241,47.5722,-122.291
18242,47.6466,-122.404
18243,47.5544,-122.035
18244,47.3357,-122.275
18245,47.4353,-122.15899999999999
18246,47.6832,-122.311
18247,47.568999999999996,-121.962
18248,47.3252,-122.208
18249,47.6306,-122.035
18250,47.6896,-122.396
18251,47.3256,-122.209
18252,47.5491,-122.137
18253,47.7765,-122.26100000000001
18254,47.2899,-122.287
18255,47.6852,-122.31200000000001
18256,47.297,-122.227
18257,47.5195,-122.35
18258,47.6623,-122.196
18259,47.6233,-122.206
18260,47.492,-122.225
18261,47.4716,-122.445
18262,47.5182,-122.20700000000001
18263,47.6983,-122.39299999999999
18264,47.3125,-122.387
18265,47.5663,-122.40799999999999
18266,47.6294,-122.205
18267,47.7212,-122.26
18268,47.3067,-122.39399999999999
18269,47.6363,-122.368
18270,47.7657,-122.321
18271,47.449,-121.756
18272,47.6678,-122.165
18273,47.5605,-121.905
18274,47.3114,-122.262
18275,47.7522,-122.27799999999999
18276,47.7332,-122.304
18277,47.6847,-122.01700000000001
18278,47.7704,-122.264
18279,47.7642,-122.234
18280,47.6904,-122.37
18281,47.7513,-122.34899999999999
18282,47.3756,-122.306
18283,47.6889,-122.38
18284,47.7166,-122.225
18285,47.6971,-122.28200000000001
18286,47.6394,-122.30799999999999
18287,47.7142,-122.20299999999999
18288,47.5675,-122.189
18289,47.3979,-122.17399999999999
18290,47.648,-122.397
18291,47.4253,-122.04299999999999
18292,47.4397,-122.15
18293,47.4635,-122.36200000000001
18294,47.5243,-122.39
18295,47.6403,-122.105
18296,47.6853,-122.359
18297,47.6647,-122.28399999999999
18298,47.6012,-122.152
18299,47.5906,-122.057
18300,47.7683,-122.25200000000001
18301,47.5469,-122.365
18302,47.6737,-122.35799999999999
18303,47.6398,-122.35600000000001
18304,47.2887,-122.109
18305,47.5968,-122.29
18306,47.6997,-122.32
18307,47.2411,-122.04299999999999
18308,47.521,-121.87700000000001
18309,47.3155,-122.40100000000001
18310,47.5832,-122.02600000000001
18311,47.3687,-122.088
18312,47.5339,-122.35600000000001
18313,47.6621,-122.27
18314,47.6263,-122.28399999999999
18315,47.4758,-122.265
18316,47.5555,-122.397
18317,47.7247,-122.165
18318,47.5883,-122.384
18319,47.1941,-122.038
18320,47.7426,-122.288
18321,47.6743,-122.301
18322,47.3932,-122.20100000000001
18323,47.6621,-122.33
18324,47.5322,-121.829
18325,47.3786,-122.12700000000001
18326,47.6877,-122.289
18327,47.731,-122.179
18328,47.6788,-122.11
18329,47.295,-122.37
18330,47.5277,-122.355
18331,47.3589,-122.281
18332,47.5658,-122.4
18333,47.4521,-122.12100000000001
18334,47.4509,-122.088
18335,47.5518,-122.385
18336,47.5833,-122.219
18337,47.4094,-122.175
18338,47.3613,-122.053
18339,47.4486,-122.194
18340,47.6865,-122.366
18341,47.6951,-122.305
18342,47.3767,-122.124
18343,47.5783,-121.994
18344,47.699,-122.307
18345,47.4692,-122.355
18346,47.3326,-122.046
18347,47.5434,-122.29799999999999
18348,47.6104,-122.113
18349,47.5389,-121.876
18350,47.3257,-122.27600000000001
18351,47.4619,-121.991
18352,47.6368,-122.15899999999999
18353,47.6353,-122.402
18354,47.688,-122.19
18355,47.7445,-122.289
18356,47.3497,-122.02600000000001
18357,47.7723,-122.262
18358,47.6777,-122.305
18359,47.6956,-122.09899999999999
18360,47.3303,-122.271
18361,47.636,-122.301
18362,47.5283,-122.32
18363,47.5417,-122.355
18364,47.6426,-122.32700000000001
18365,47.2113,-121.993
18366,47.7574,-122.31
18367,47.6624,-122.20200000000001
18368,47.7288,-122.227
18369,47.6982,-121.917
18370,47.7438,-122.075
18371,47.2664,-122.027
18372,47.6222,-122.287
18373,47.6385,-122.344
18374,47.687,-122.286
18375,47.6904,-122.176
18376,47.3124,-122.352
18377,47.6785,-122.025
18378,47.6264,-122.363
18379,47.7471,-121.979
18380,47.6867,-122.038
18381,47.4694,-121.745
18382,47.4744,-122.32799999999999
18383,47.5476,-122.36
18384,47.7219,-122.354
18385,47.5373,-122.22
18386,47.6955,-122.376
18387,47.5018,-122.38
18388,47.4979,-122.24
18389,47.553000000000004,-121.887
18390,47.6646,-122.365
18391,47.4406,-122.194
18392,47.63,-122.34899999999999
18393,47.6435,-122.353
18394,47.6361,-122.366
18395,47.6133,-122.30799999999999
18396,47.6775,-122.398
18397,47.5263,-122.227
18398,47.4574,-122.361
18399,47.3814,-122.164
18400,47.5753,-122.22200000000001
18401,47.3508,-122.163
18402,47.4555,-122.177
18403,47.6059,-122.154
18404,47.5187,-122.37700000000001
18405,47.7261,-122.22
18406,47.7188,-122.353
18407,47.3321,-122.346
18408,47.5814,-122.31200000000001
18409,47.3031,-122.385
18410,47.538000000000004,-122.35600000000001
18411,47.6401,-122.29899999999999
18412,47.5456,-122.126
18413,47.6738,-122.29700000000001
18414,47.2004,-122.00299999999999
18415,47.6224,-122.045
18416,47.7336,-122.23200000000001
18417,47.6212,-122.22399999999999
18418,47.3617,-122.052
18419,47.6452,-122.352
18420,47.6611,-122.28200000000001
18421,47.3173,-122.181
18422,47.5463,-121.995
18423,47.6299,-122.039
18424,47.6007,-122.305
18425,47.5351,-122.381
18426,47.1927,-122.01
18427,47.6727,-122.29299999999999
18428,47.6654,-122.307
18429,47.5478,-121.999
18430,47.7495,-122.32700000000001
18431,47.3169,-122.352
18432,47.5237,-122.383
18433,47.69,-121.913
18434,47.522,-122.375
18435,47.762,-122.355
18436,47.765,-122.045
18437,47.3828,-122.211
18438,47.4599,-122.205
18439,47.6219,-122.015
18440,47.571999999999996,-122.102
18441,47.2012,-122.0
18442,47.6762,-122.37799999999999
18443,47.6696,-122.32
18444,47.3348,-122.19
18445,47.4812,-122.03299999999999
18446,47.5415,-122.133
18447,47.2775,-122.20299999999999
18448,47.6285,-122.117
18449,47.4971,-122.334
18450,47.6849,-122.335
18451,47.7399,-122.3
18452,47.7405,-122.095
18453,47.4727,-122.27
18454,47.7027,-122.346
18455,47.3236,-122.323
18456,47.5677,-122.01299999999999
18457,47.4811,-122.162
18458,47.6398,-122.111
18459,47.6361,-122.37100000000001
18460,47.5851,-122.242
18461,47.7763,-122.36
18462,47.6263,-122.314
18463,47.3089,-122.33
18464,47.5577,-121.891
18465,47.7298,-122.23100000000001
18466,47.4727,-122.292
18467,47.6146,-122.213
18468,47.7228,-122.103
18469,47.4238,-122.329
18470,47.6204,-122.296
18471,47.5662,-122.36399999999999
18472,47.6884,-122.186
18473,47.6692,-122.39
18474,47.7259,-122.29700000000001
18475,47.5768,-122.40299999999999
18476,47.6652,-122.288
18477,47.5787,-122.38799999999999
18478,47.6492,-122.391
18479,47.6693,-122.291
18480,47.6604,-122.146
18481,47.7465,-122.339
18482,47.7382,-121.98
18483,47.3771,-122.287
18484,47.5866,-122.25
18485,47.5752,-122.411
18486,47.5689,-122.023
18487,47.7089,-122.23
18488,47.4956,-122.181
18489,47.6937,-122.36200000000001
18490,47.6895,-122.20700000000001
18491,47.3595,-122.323
18492,47.5754,-122.15
18493,47.511,-122.348
18494,47.6533,-122.19200000000001
18495,47.5414,-122.288
18496,47.6178,-122.214
18497,47.5963,-122.292
18498,47.4951,-122.23700000000001
18499,47.3078,-122.38600000000001
18500,47.6804,-122.311
18501,47.6381,-122.40100000000001
18502,47.6886,-122.211
18503,47.7245,-122.22
18504,47.6996,-122.229
18505,47.5197,-122.041
18506,47.5801,-122.294
18507,47.3715,-122.274
18508,47.6683,-122.36200000000001
18509,47.6606,-122.06
18510,47.6688,-122.024
18511,47.4828,-122.139
18512,47.5058,-122.355
18513,47.3029,-122.221
18514,47.6474,-122.389
18515,47.6816,-122.035
18516,47.3364,-122.321
18517,47.4043,-122.213
18518,47.6251,-122.03
18519,47.6865,-122.399
18520,47.6192,-122.307
18521,47.6886,-122.348
18522,47.426,-122.154
18523,47.5719,-122.39
18524,47.5631,-122.366
18525,47.63800000000001,-121.95299999999999
18526,47.7185,-122.31299999999999
18527,47.6163,-122.13799999999999
18528,47.6702,-122.14200000000001
18529,47.3397,-122.04799999999999
18530,47.4286,-122.185
18531,47.4391,-122.189
18532,47.6947,-122.323
18533,47.5651,-122.391
18534,47.3262,-122.338
18535,47.7004,-122.295
18536,47.6961,-122.34100000000001
18537,47.7082,-122.104
18538,47.3644,-122.132
18539,47.5842,-122.292
18540,47.5503,-122.081
18541,47.6608,-122.26899999999999
18542,47.5905,-122.022
18543,47.3642,-122.18700000000001
18544,47.6338,-122.10600000000001
18545,47.6199,-122.304
18546,47.5307,-121.875
18547,47.5374,-122.053
18548,47.6285,-122.05799999999999
18549,47.4924,-122.23700000000001
18550,47.4924,-122.23700000000001
18551,47.4187,-122.329
18552,47.744,-121.976
18553,47.7146,-122.279
18554,47.4391,-122.194
18555,47.6111,-122.30799999999999
18556,47.5201,-122.35
18557,47.3573,-122.2
18558,47.5442,-122.141
18559,47.6962,-122.294
18560,47.6763,-122.28200000000001
18561,47.559,-122.277
18562,47.5396,-122.274
18563,47.5337,-122.37899999999999
18564,47.258,-122.25200000000001
18565,47.7341,-121.96799999999999
18566,47.5223,-122.04299999999999
18567,47.4732,-122.141
18568,47.5334,-122.38799999999999
18569,47.5343,-122.355
18570,47.6711,-122.39
18571,47.4297,-122.325
18572,47.3838,-122.287
18573,47.6155,-122.21
18574,47.6694,-122.141
18575,47.2633,-122.244
18576,47.6301,-122.118
18577,47.7671,-122.291
18578,47.5687,-122.397
18579,47.4473,-122.086
18580,47.4951,-122.302
18581,47.5394,-121.875
18582,47.3509,-122.323
18583,47.7489,-122.35
18584,47.5657,-122.395
18585,47.37,-122.15100000000001
18586,47.6886,-122.20200000000001
18587,47.4847,-122.291
18588,47.6803,-122.31299999999999
18589,47.6168,-122.29799999999999
18590,47.4915,-122.18799999999999
18591,47.6286,-122.206
18592,47.5489,-122.118
18593,47.5329,-121.87899999999999
18594,47.6886,-122.037
18595,47.5105,-122.387
18596,47.3406,-122.057
18597,47.5234,-122.38
18598,47.5463,-122.272
18599,47.6907,-122.34
18600,47.6667,-122.36
18601,47.3886,-122.18799999999999
18602,47.4556,-122.369
18603,47.5654,-122.37200000000001
18604,47.6721,-122.329
18605,47.7623,-122.31299999999999
18606,47.7721,-122.241
18607,47.7197,-122.219
18608,47.6966,-122.324
18609,47.7203,-122.361
18610,47.5647,-122.09
18611,47.5266,-122.387
18612,47.3108,-122.346
18613,47.6342,-122.28200000000001
18614,47.6926,-122.36200000000001
18615,47.7114,-122.03
18616,47.6292,-122.31200000000001
18617,47.6093,-122.29700000000001
18618,47.745,-121.916
18619,47.6792,-122.31
18620,47.2874,-122.37
18621,47.6732,-122.14299999999999
18622,47.2649,-122.25200000000001
18623,47.6118,-122.29899999999999
18624,47.7336,-122.20200000000001
18625,47.6848,-122.391
18626,47.449,-122.12799999999999
18627,47.7766,-122.355
18628,47.6018,-122.073
18629,47.5348,-122.26799999999999
18630,47.6059,-122.31299999999999
18631,47.3311,-122.32600000000001
18632,47.3496,-122.088
18633,47.7108,-122.352
18634,47.68,-122.28399999999999
18635,47.5728,-122.38799999999999
18636,47.5538,-122.191
18637,47.6887,-122.368
18638,47.5084,-122.24600000000001
18639,47.5343,-122.348
18640,47.6019,-122.29
18641,47.6127,-122.145
18642,47.2888,-122.221
18643,47.72,-122.236
18644,47.6747,-122.391
18645,47.5539,-122.26700000000001
18646,47.6567,-122.35799999999999
18647,47.5234,-121.84100000000001
18648,47.5391,-122.385
18649,47.3063,-122.384
18650,47.4375,-122.446
18651,47.7016,-122.274
18652,47.6944,-122.333
18653,47.77,-122.319
18654,47.571999999999996,-122.29
18655,47.6852,-122.184
18656,47.4471,-122.464
18657,47.5432,-122.272
18658,47.5646,-121.935
18659,47.3491,-122.029
18660,47.681000000000004,-122.273
18661,47.7616,-122.273
18662,47.5127,-122.321
18663,47.5477,-122.395
18664,47.3108,-122.345
18665,47.5268,-122.38799999999999
18666,47.4282,-122.331
18667,47.7178,-122.16799999999999
18668,47.7,-122.17200000000001
18669,47.4564,-122.351
18670,47.6057,-122.038
18671,47.5494,-121.994
18672,47.4193,-121.958
18673,47.6946,-122.336
18674,47.5842,-122.38799999999999
18675,47.7698,-122.22200000000001
18676,47.4465,-122.156
18677,47.5859,-122.12200000000001
18678,47.3197,-122.117
18679,47.5938,-122.04799999999999
18680,47.6737,-122.354
18681,47.5876,-122.292
18682,47.4789,-122.296
18683,47.481,-122.115
18684,47.5358,-122.289
18685,47.5516,-122.161
18686,47.6968,-122.3
18687,47.4501,-122.126
18688,47.7089,-122.20100000000001
18689,47.7089,-122.20100000000001
18690,47.5681,-122.285
18691,47.5681,-122.285
18692,47.5075,-122.37899999999999
18693,47.6707,-122.045
18694,47.7351,-122.323
18695,47.3546,-122.318
18696,47.3084,-122.331
18697,47.4482,-122.125
18698,47.7595,-122.309
18699,47.6118,-122.131
18700,47.6626,-122.271
18701,47.5855,-122.292
18702,47.2003,-121.99600000000001
18703,47.5462,-122.154
18704,47.7334,-122.307
18705,47.5499,-122.26899999999999
18706,47.5298,-121.887
18707,47.3535,-122.323
18708,47.2699,-122.255
18709,47.5873,-122.294
18710,47.5502,-122.286
18711,47.4274,-122.28
18712,47.5083,-122.336
18713,47.3248,-122.345
18714,47.36,-122.039
18715,47.6499,-122.413
18716,47.5189,-122.147
18717,47.6101,-122.13799999999999
18718,47.7321,-122.296
18719,47.659,-122.346
18720,47.5076,-122.178
18721,47.6712,-122.37799999999999
18722,47.3591,-122.036
18723,47.556000000000004,-122.291
18724,47.3657,-122.21
18725,47.5652,-122.089
18726,47.6874,-122.315
18727,47.2835,-122.2
18728,47.7084,-122.303
18729,47.6539,-122.395
18730,47.4731,-122.29799999999999
18731,47.6385,-122.11399999999999
18732,47.3662,-122.315
18733,47.6287,-122.351
18734,47.3962,-122.189
18735,47.6079,-122.132
18736,47.3612,-122.103
18737,47.5473,-122.016
18738,47.7346,-122.17
18739,47.6438,-122.35700000000001
18740,47.6337,-122.28
18741,47.5911,-122.037
18742,47.6453,-122.37100000000001
18743,47.6974,-122.31299999999999
18744,47.7101,-122.031
18745,47.6465,-122.024
18746,47.5852,-122.17399999999999
18747,47.5502,-122.274
18748,47.5502,-122.274
18749,47.69300000000001,-122.133
18750,47.5772,-122.381
18751,47.6236,-122.117
18752,47.574,-122.289
18753,47.6465,-122.319
18754,47.6295,-122.089
18755,47.5818,-122.198
18756,47.4206,-122.184
18757,47.4989,-122.171
18758,47.7315,-121.97200000000001
18759,47.6959,-122.125
18760,47.5887,-122.291
18761,47.5458,-122.23100000000001
18762,47.7521,-122.279
18763,47.5498,-122.304
18764,47.6054,-122.295
18765,47.6059,-122.303
18766,47.6606,-122.059
18767,47.7522,-122.13
18768,47.6071,-122.285
18769,47.6534,-122.404
18770,47.722,-122.02600000000001
18771,47.3902,-122.28299999999999
18772,47.6698,-122.334
18773,47.7751,-122.26799999999999
18774,47.4193,-122.439
18775,47.3689,-122.05799999999999
18776,47.6361,-122.09299999999999
18777,47.7711,-122.195
18778,47.6217,-122.23899999999999
18779,47.7635,-122.11200000000001
18780,47.736999999999995,-121.955
18781,47.6988,-122.32
18782,47.3617,-122.17200000000001
18783,47.6543,-122.354
18784,47.5009,-122.235
18785,47.6007,-122.117
18786,47.5291,-122.26799999999999
18787,47.2582,-122.113
18788,47.7651,-122.24600000000001
18789,47.5533,-122.285
18790,47.5696,-122.02
18791,47.683,-122.06299999999999
18792,47.273999999999994,-122.287
18793,47.4473,-122.28399999999999
18794,47.5218,-122.286
18795,47.5781,-122.01799999999999
18796,47.4215,-122.318
18797,47.3074,-122.337
18798,47.7153,-122.191
18799,47.6425,-122.35799999999999
18800,47.5846,-122.387
18801,47.328,-122.321
18802,47.7004,-122.304
18803,47.747,-122.177
18804,47.5226,-122.18299999999999
18805,47.5525,-122.273
18806,47.6525,-121.985
18807,47.6334,-122.37100000000001
18808,47.6123,-122.134
18809,47.4282,-122.34700000000001
18810,47.6727,-122.351
18811,47.2711,-122.06700000000001
18812,47.5913,-122.149
18813,47.7265,-122.281
18814,47.5937,-122.061
18815,47.7762,-122.21
18816,47.6318,-122.01
18817,47.6482,-122.15899999999999
18818,47.7068,-122.30799999999999
18819,47.3208,-122.273
18820,47.7133,-122.212
18821,47.5239,-122.387
18822,47.4896,-122.24799999999999
18823,47.5371,-121.87
18824,47.4088,-122.19200000000001
18825,47.5433,-122.264
18826,47.3493,-122.023
18827,47.5145,-121.853
18828,47.6855,-122.391
18829,47.7209,-122.256
18830,47.6635,-122.149
18831,47.7366,-121.958
18832,47.3541,-122.3
18833,47.4551,-122.37299999999999
18834,47.6596,-122.14399999999999
18835,47.5279,-122.387
18836,47.7034,-122.29700000000001
18837,47.5259,-122.38
18838,47.7273,-122.083
18839,47.522,-122.04799999999999
18840,47.6913,-122.369
18841,47.5321,-122.323
18842,47.5941,-122.14399999999999
18843,47.4007,-122.323
18844,47.3203,-122.321
18845,47.7249,-122.027
18846,47.6849,-122.32700000000001
18847,47.5256,-122.385
18848,47.3484,-122.29799999999999
18849,47.5727,-122.376
18850,47.515,-122.36200000000001
18851,47.5821,-122.24700000000001
18852,47.6633,-122.287
18853,47.5411,-122.133
18854,47.4916,-122.08200000000001
18855,47.2789,-122.331
18856,47.2574,-122.072
18857,47.3655,-122.291
18858,47.7155,-122.211
18859,47.7199,-122.18
18860,47.6165,-122.21600000000001
18861,47.6453,-122.214
18862,47.3173,-122.21
18863,47.5271,-122.351
18864,47.6976,-122.169
18865,47.3645,-122.18299999999999
18866,47.7149,-122.322
18867,47.6622,-122.272
18868,47.7351,-122.295
18869,47.7361,-122.046
18870,47.5237,-122.199
18871,47.643,-122.397
18872,47.5524,-121.992
18873,47.7114,-122.35600000000001
18874,47.3429,-122.09700000000001
18875,47.5806,-122.193
18876,47.7022,-122.021
18877,47.6334,-122.229
18878,47.5579,-122.384
18879,47.6503,-121.96799999999999
18880,47.5169,-122.35799999999999
18881,47.637,-122.363
18882,47.5281,-122.031
18883,47.4333,-122.16799999999999
18884,47.7066,-122.08
18885,47.7233,-122.167
18886,47.7329,-122.291
18887,47.5039,-122.24
18888,47.653999999999996,-122.35
18889,47.5744,-122.137
18890,47.7098,-122.28299999999999
18891,47.7194,-122.17200000000001
18892,47.6076,-122.053
18893,47.3732,-122.295
18894,47.3089,-122.213
18895,47.6726,-122.37100000000001
18896,47.4087,-122.06200000000001
18897,47.64,-122.24
18898,47.3232,-122.103
18899,47.5895,-122.111
18900,47.2857,-122.22
18901,47.6755,-122.369
18902,47.3657,-122.28
18903,47.6237,-122.10600000000001
18904,47.63399999999999,-122.101
18905,47.5172,-122.027
18906,47.5772,-122.15899999999999
18907,47.5773,-122.303
18908,47.6369,-122.35
18909,47.6669,-122.17
18910,47.6374,-122.007
18911,47.7184,-122.28
18912,47.5634,-122.391
18913,47.7746,-122.323
18914,47.46100000000001,-122.00200000000001
18915,47.6844,-122.31700000000001
18916,47.6297,-122.03299999999999
18917,47.3064,-122.1
18918,47.3318,-122.277
18919,47.3691,-122.074
18920,47.2619,-122.271
18921,47.6184,-122.301
18922,47.4876,-122.226
18923,47.6058,-122.319
18924,47.317,-122.182
18925,47.4442,-122.12899999999999
18926,47.5604,-122.10700000000001
18927,47.492,-122.171
18928,47.6605,-122.32600000000001
18929,47.736000000000004,-121.965
18930,47.5636,-122.275
18931,47.5657,-122.285
18932,47.4503,-122.131
18933,47.6894,-122.195
18934,47.7144,-122.29299999999999
18935,47.482,-122.33200000000001
18936,47.5235,-122.383
18937,47.3922,-122.321
18938,47.5384,-121.889
18939,47.4902,-122.179
18940,47.6466,-122.321
18941,47.7602,-122.306
18942,47.6843,-122.26700000000001
18943,47.4096,-122.329
18944,47.6886,-122.352
18945,47.5277,-122.031
18946,47.4745,-121.723
18947,47.5355,-121.88
18948,47.7021,-122.32
18949,47.669,-122.365
18950,47.395,-122.17399999999999
18951,47.468999999999994,-122.12100000000001
18952,47.2636,-122.212
18953,47.6846,-122.26799999999999
18954,47.7087,-122.015
18955,47.577,-122.395
18956,47.6799,-122.385
18957,47.5439,-122.37899999999999
18958,47.5714,-122.00200000000001
18959,47.5339,-122.223
18960,47.5399,-122.118
18961,47.7767,-122.369
18962,47.3112,-122.339
18963,47.5326,-121.855
18964,47.6131,-122.15100000000001
18965,47.6097,-122.01700000000001
18966,47.3187,-122.171
18967,47.3047,-122.34700000000001
18968,47.3614,-122.045
18969,47.6772,-122.399
18970,47.6857,-122.29299999999999
18971,47.3191,-122.18
18972,47.5209,-122.286
18973,47.4659,-122.189
18974,47.4501,-122.139
18975,47.6489,-122.37200000000001
18976,47.5617,-122.15799999999999
18977,47.5617,-122.15799999999999
18978,47.5965,-122.139
18979,47.7343,-122.22
18980,47.4949,-122.338
18981,47.2034,-122.00299999999999
18982,47.5178,-122.346
18983,47.3437,-122.07799999999999
18984,47.3928,-122.066
18985,47.7657,-122.28399999999999
18986,47.6351,-122.285
18987,47.4012,-122.425
18988,47.7408,-121.97399999999999
18989,47.5082,-122.166
18990,47.5888,-122.294
18991,47.6836,-122.397
18992,47.4335,-122.449
18993,47.7106,-122.286
18994,47.5624,-122.291
18995,47.5956,-122.178
18996,47.6283,-122.03200000000001
18997,47.6409,-122.353
18998,47.6984,-121.912
18999,47.6853,-122.16
19000,47.7576,-122.37
19001,47.5689,-122.40799999999999
19002,47.7296,-122.37
19003,47.3606,-122.083
19004,47.3505,-122.03200000000001
19005,47.5468,-121.99799999999999
19006,47.5624,-122.361
19007,47.5784,-122.179
19008,47.6409,-122.111
19009,47.6852,-122.329
19010,47.5596,-122.315
19011,47.5809,-122.39
19012,47.5743,-122.212
19013,47.6185,-122.295
19014,47.7294,-122.352
19015,47.6727,-122.375
19016,47.58,-122.057
19017,47.318999999999996,-122.36200000000001
19018,47.62600000000001,-122.119
19019,47.7281,-122.29899999999999
19020,47.5146,-122.18799999999999
19021,47.7222,-122.29
19022,47.4341,-122.169
19023,47.3507,-122.141
19024,47.5714,-122.211
19025,47.4571,-122.345
19026,47.5585,-122.134
19027,47.6388,-122.397
19028,47.7308,-122.115
19029,47.4792,-122.35700000000001
19030,47.7474,-122.235
19031,47.5606,-122.133
19032,47.7715,-122.27
19033,47.5572,-122.28200000000001
19034,47.6079,-122.19200000000001
19035,47.6937,-122.39200000000001
19036,47.4936,-122.102
19037,47.5011,-122.336
19038,47.5083,-122.38799999999999
19039,47.5019,-122.26899999999999
19040,47.5271,-122.228
19041,47.7049,-122.359
19042,47.739,-122.323
19043,47.562,-122.289
19044,47.3021,-122.38799999999999
19045,47.3248,-122.169
19046,47.6729,-122.37799999999999
19047,47.6199,-122.06200000000001
19048,47.5576,-122.281
19049,47.2098,-122.016
19050,47.2977,-122.227
19051,47.5725,-122.133
19052,47.7348,-121.96600000000001
19053,47.6583,-122.27
19054,47.397,-122.20299999999999
19055,47.3072,-122.32799999999999
19056,47.5679,-122.178
19057,47.4212,-122.14399999999999
19058,47.6695,-122.338
19059,47.681999999999995,-122.035
19060,47.3325,-122.321
19061,47.3266,-122.348
19062,47.5088,-122.37100000000001
19063,47.5463,-122.19200000000001
19064,47.7297,-122.32700000000001
19065,47.7339,-122.36
19066,47.6583,-122.344
19067,47.6727,-122.395
19068,47.7112,-122.03299999999999
19069,47.4672,-122.175
19070,47.7385,-121.965
19071,47.6075,-122.295
19072,47.4914,-122.186
19073,47.559,-122.118
19074,47.3213,-122.18700000000001
19075,47.7037,-122.32
19076,47.4536,-122.009
19077,47.5375,-121.742
19078,47.527,-122.193
19079,47.3984,-122.301
19080,47.6524,-122.404
19081,47.5337,-121.867
19082,47.3018,-122.34200000000001
19083,47.5329,-122.348
19084,47.6364,-122.351
19085,47.5392,-122.39
19086,47.3932,-121.988
19087,47.6674,-122.055
19088,47.593,-122.165
19089,47.3979,-122.465
19090,47.5974,-122.149
19091,47.4947,-122.369
19092,47.556999999999995,-122.30799999999999
19093,47.6322,-122.20299999999999
19094,47.3724,-122.105
19095,47.6378,-122.065
19096,47.3748,-122.18
19097,47.7675,-122.226
19098,47.4032,-121.963
19099,47.6862,-122.09299999999999
19100,47.3787,-122.323
19101,47.5158,-122.26700000000001
19102,47.562,-122.146
19103,47.7312,-122.3
19104,47.5303,-122.14299999999999
19105,47.5753,-122.303
19106,47.4772,-122.26899999999999
19107,47.349,-122.024
19108,47.6947,-122.19
19109,47.7575,-122.352
19110,47.6192,-122.055
19111,47.736999999999995,-122.3
19112,47.6812,-122.196
19113,47.6981,-122.12700000000001
19114,47.5718,-122.395
19115,47.6993,-122.206
19116,47.4051,-122.296
19117,47.5675,-122.16
19118,47.6115,-122.287
19119,47.4484,-122.194
19120,47.3538,-122.025
19121,47.508,-122.35799999999999
19122,47.4963,-122.318
19123,47.5702,-122.287
19124,47.3103,-122.006
19125,47.7661,-122.262
19126,47.3715,-122.126
19127,47.7004,-122.287
19128,47.6789,-122.351
19129,47.3946,-122.31200000000001
19130,47.5633,-122.111
19131,47.7628,-122.354
19132,47.6012,-122.141
19133,47.6165,-122.236
19134,47.5497,-122.396
19135,47.6543,-122.35600000000001
19136,47.3738,-122.042
19137,47.4349,-122.32799999999999
19138,47.7158,-122.366
19139,47.7061,-122.163
19140,47.5094,-122.182
19141,47.2332,-122.029
19142,47.6724,-122.266
19143,47.6691,-122.36
19144,47.3128,-122.351
19145,47.7682,-122.26100000000001
19146,47.542,-122.176
19147,47.5429,-122.18799999999999
19148,47.7155,-122.21799999999999
19149,47.4816,-122.23299999999999
19150,47.7719,-122.337
19151,47.743,-122.131
19152,47.2898,-122.251
19153,47.4861,-121.786
19154,47.5547,-122.29899999999999
19155,47.6619,-122.34299999999999
19156,47.6736,-122.167
19157,47.6744,-122.05
19158,47.3776,-122.315
19159,47.202,-121.994
19160,47.7274,-122.305
19161,47.6698,-122.3
19162,47.678000000000004,-122.311
19163,47.5473,-122.09200000000001
19164,47.7219,-122.109
19165,47.5158,-122.281
19166,47.754,-121.94200000000001
19167,47.4045,-122.17399999999999
19168,47.5753,-122.01700000000001
19169,47.6316,-122.05
19170,47.3973,-122.31200000000001
19171,47.7309,-122.33200000000001
19172,47.4982,-122.348
19173,47.6059,-122.31
19174,47.5978,-122.116
19175,47.6811,-122.288
19176,47.492,-122.166
19177,47.7078,-121.915
19178,47.4865,-122.238
19179,47.6304,-122.309
19180,47.3785,-122.32
19181,47.6501,-122.164
19182,47.4318,-122.286
19183,47.6239,-122.29700000000001
19184,47.7573,-122.07
19185,47.5106,-122.365
19186,47.5441,-122.131
19187,47.6636,-122.32600000000001
19188,47.5829,-122.382
19189,47.7254,-122.31
19190,47.695,-122.399
19191,47.733999999999995,-122.182
19192,47.4516,-122.26700000000001
19193,47.3841,-122.288
19194,47.4663,-122.359
19195,47.4663,-122.359
19196,47.7619,-122.162
19197,47.7397,-122.126
19198,47.6278,-122.292
19199,47.7,-122.287
19200,47.5728,-122.205
19201,47.5746,-122.311
19202,47.3377,-122.194
19203,47.538999999999994,-122.07
19204,47.6987,-122.365
19205,47.45,-122.334
19206,47.305,-122.37100000000001
19207,47.7709,-122.39
19208,47.4484,-121.772
19209,47.4292,-122.152
19210,47.5119,-122.339
19211,47.5862,-121.97
19212,47.2989,-122.38
19213,47.3855,-122.302
19214,47.6832,-122.304
19215,47.2909,-122.352
19216,47.7283,-122.07600000000001
19217,47.2769,-122.264
19218,47.6233,-122.102
19219,47.5621,-121.86200000000001
19220,47.6869,-122.18700000000001
19221,47.6177,-122.229
19222,47.7175,-122.292
19223,47.3352,-122.052
19224,47.3314,-122.20200000000001
19225,47.4793,-121.77600000000001
19226,47.7338,-122.169
19227,47.5698,-122.375
19228,47.5225,-122.156
19229,47.683,-122.18700000000001
19230,47.6923,-122.095
19231,47.7382,-122.182
19232,47.3864,-122.287
19233,47.2089,-122.00299999999999
19234,47.479,-122.339
19235,47.3657,-122.04700000000001
19236,47.3604,-122.09100000000001
19237,47.7656,-121.905
19238,47.4002,-122.21700000000001
19239,47.6635,-122.32
19240,47.5647,-122.12799999999999
19241,47.5531,-122.181
19242,47.5814,-122.05
19243,47.6339,-122.09
19244,47.2749,-122.25200000000001
19245,47.5874,-121.98200000000001
19246,47.4444,-121.762
19247,47.5791,-122.23
19248,47.523999999999994,-122.359
19249,47.4876,-121.8
19250,47.5275,-122.381
19251,47.5526,-122.287
19252,47.6302,-122.344
19253,47.6523,-122.346
19254,47.6893,-122.365
19255,47.6598,-122.273
19256,47.5645,-122.397
19257,47.6263,-122.314
19258,47.6821,-122.38799999999999
19259,47.3154,-122.079
19260,47.6986,-122.29700000000001
19261,47.63800000000001,-122.36200000000001
19262,47.4014,-122.069
19263,47.7278,-122.287
19264,47.4493,-122.171
19265,47.6786,-122.31700000000001
19266,47.5347,-122.155
19267,47.4346,-122.171
19268,47.6892,-122.39299999999999
19269,47.5069,-122.367
19270,47.3107,-121.999
19271,47.7078,-122.01899999999999
19272,47.5633,-122.288
19273,47.3694,-122.083
19274,47.6004,-122.292
19275,47.5662,-122.01700000000001
19276,47.6088,-122.294
19277,47.5928,-122.295
19278,47.7337,-122.34299999999999
19279,47.5035,-122.259
19280,47.5827,-122.195
19281,47.6207,-122.29700000000001
19282,47.6906,-122.213
19283,47.6346,-122.045
19284,47.5279,-122.318
19285,47.71100000000001,-122.32
19286,47.7758,-122.301
19287,47.7111,-122.211
19288,47.3709,-122.125
19289,47.3397,-122.291
19290,47.7714,-122.256
19291,47.6718,-122.359
19292,47.4273,-122.147
19293,47.6855,-122.291
19294,47.4666,-122.072
19295,47.5523,-122.37899999999999
19296,47.76,-122.34899999999999
19297,47.7027,-122.346
19298,47.3273,-122.17299999999999
19299,47.1853,-122.01700000000001
19300,47.3988,-122.023
19301,47.4927,-122.24799999999999
19302,47.4615,-122.214
19303,47.2202,-121.993
19304,47.6559,-122.338
19305,47.5995,-122.198
19306,47.626999999999995,-122.345
19307,47.681999999999995,-122.34700000000001
19308,47.6321,-122.39299999999999
19309,47.5535,-122.191
19310,47.7745,-122.368
19311,47.2861,-122.25299999999999
19312,47.6375,-122.38799999999999
19313,47.6916,-122.37
19314,47.3149,-122.38600000000001
19315,47.5422,-121.88799999999999
19316,47.5108,-122.366
19317,47.3604,-122.089
19318,47.4298,-122.102
19319,47.6573,-122.17299999999999
19320,47.6902,-122.387
19321,47.6902,-122.387
19322,47.6685,-122.335
19323,47.6324,-121.988
19324,47.6681,-122.368
19325,47.6035,-122.206
19326,47.5678,-122.12799999999999
19327,47.5667,-122.37200000000001
19328,47.7659,-122.34100000000001
19329,47.5323,-122.34700000000001
19330,47.5422,-122.132
19331,47.3018,-122.37799999999999
19332,47.6771,-122.397
19333,47.7722,-122.31200000000001
19334,47.597,-121.979
19335,47.3724,-122.277
19336,47.6209,-122.23700000000001
19337,47.4833,-122.15700000000001
19338,47.68600000000001,-122.304
19339,47.7527,-122.08200000000001
19340,47.3509,-122.165
19341,47.7247,-121.959
19342,47.7633,-122.369
19343,47.5241,-122.199
19344,47.6353,-122.12299999999999
19345,47.7496,-122.20100000000001
19346,47.713,-122.28399999999999
19347,47.5943,-122.01799999999999
19348,47.3468,-122.09100000000001
19349,47.3174,-122.18
19350,47.7478,-122.036
19351,47.7446,-122.193
19352,47.4818,-122.094
19353,47.6538,-122.35600000000001
19354,47.6599,-122.396
19355,47.2664,-122.256
19356,47.5003,-122.26
19357,47.4031,-122.20100000000001
19358,47.687,-122.391
19359,47.3824,-122.20700000000001
19360,47.6472,-122.36200000000001
19361,47.5123,-122.15100000000001
19362,47.2073,-122.012
19363,47.5534,-122.365
19364,47.6696,-122.37200000000001
19365,47.476000000000006,-122.292
19366,47.7047,-122.37799999999999
19367,47.6022,-122.021
19368,47.678000000000004,-122.375
19369,47.3036,-122.363
19370,47.2056,-121.994
19371,47.6743,-122.14200000000001
19372,47.4883,-121.725
19373,47.676,-122.288
19374,47.5739,-122.406
19375,47.6884,-122.044
19376,47.7441,-122.35700000000001
19377,47.3842,-122.04
19378,47.7607,-122.329
19379,47.7072,-122.164
19380,47.5554,-122.26700000000001
19381,47.5607,-122.391
19382,47.3059,-122.34899999999999
19383,47.5924,-122.175
19384,47.681999999999995,-122.037
19385,47.306999999999995,-122.21700000000001
19386,47.2761,-122.15299999999999
19387,47.6754,-122.315
19388,47.4677,-122.01
19389,47.5764,-122.289
19390,47.5631,-122.09100000000001
19391,47.511,-122.359
19392,47.7771,-122.36200000000001
19393,47.537,-122.178
19394,47.4174,-122.316
19395,47.5613,-122.083
19396,47.5122,-122.35700000000001
19397,47.7001,-122.309
19398,47.4971,-122.28200000000001
19399,47.7132,-122.03399999999999
19400,47.7628,-122.16799999999999
19401,47.3732,-122.116
19402,47.5051,-122.338
19403,47.7026,-122.285
19404,47.7094,-122.024
19405,47.6204,-122.044
19406,47.5818,-122.296
19407,47.72,-122.318
19408,47.4379,-122.19200000000001
19409,47.5524,-122.27
19410,47.6771,-122.319
19411,47.4815,-122.152
19412,47.4734,-122.006
19413,47.2819,-122.22399999999999
19414,47.6208,-122.09299999999999
19415,47.5363,-121.87
19416,47.7757,-122.295
19417,47.5328,-121.881
19418,47.64100000000001,-122.34899999999999
19419,47.4574,-122.00299999999999
19420,47.457,-122.189
19421,47.6724,-122.279
19422,47.4531,-122.273
19423,47.64,-122.39399999999999
19424,47.6082,-122.057
19425,47.5058,-122.235
19426,47.6887,-122.124
19427,47.6493,-122.40100000000001
19428,47.5241,-122.193
19429,47.6515,-122.397
19430,47.5577,-122.37899999999999
19431,47.5423,-122.111
19432,47.5135,-122.193
19433,47.4657,-122.198
19434,47.6276,-122.053
19435,47.6892,-122.04799999999999
19436,47.4267,-122.15700000000001
19437,47.721000000000004,-122.228
19438,47.611000000000004,-122.15700000000001
19439,47.5234,-122.055
19440,47.3596,-122.16
19441,47.7151,-122.20299999999999
19442,47.3615,-122.057
19443,47.6529,-122.355
19444,47.452,-122.15899999999999
19445,47.407,-122.21600000000001
19446,47.7416,-121.91
19447,47.5107,-122.027
19448,47.3436,-122.323
19449,47.6893,-122.348
19450,47.6364,-122.363
19451,47.6876,-122.368
19452,47.6471,-122.412
19453,47.623999999999995,-122.14200000000001
19454,47.4607,-122.171
19455,47.62600000000001,-122.213
19456,47.4459,-122.27799999999999
19457,47.5618,-122.384
19458,47.7753,-122.365
19459,47.7203,-122.229
19460,47.3748,-122.186
19461,47.3712,-122.289
19462,47.7417,-122.17200000000001
19463,47.7059,-122.2
19464,47.6369,-122.365
19465,47.2241,-122.072
19466,47.4883,-122.24799999999999
19467,47.4994,-122.234
19468,47.5684,-122.19
19469,47.41,-122.208
19470,47.3707,-122.275
19471,47.7565,-122.325
19472,47.3885,-122.28399999999999
19473,47.6928,-122.339
19474,47.7545,-122.04700000000001
19475,47.7336,-122.306
19476,47.6944,-122.022
19477,47.396,-122.184
19478,47.5383,-122.178
19479,47.7143,-122.325
19480,47.5346,-122.286
19481,47.77,-122.39
19482,47.7422,-122.09899999999999
19483,47.6772,-122.39299999999999
19484,47.6862,-122.39200000000001
19485,47.5071,-122.249
19486,47.5082,-122.36200000000001
19487,47.3846,-122.227
19488,47.7646,-122.26700000000001
19489,47.5222,-122.20100000000001
19490,47.5295,-122.179
19491,47.4802,-122.189
19492,47.6255,-122.208
19493,47.6823,-122.27
19494,47.45399999999999,-122.164
19495,47.7206,-122.171
19496,47.4631,-122.329
19497,47.6528,-122.40100000000001
19498,47.3531,-122.021
19499,47.5117,-122.37799999999999
19500,47.7401,-122.249
19501,47.6135,-122.29700000000001
19502,47.5706,-122.006
19503,47.6908,-122.34100000000001
19504,47.5694,-122.397
19505,47.63399999999999,-122.125
19506,47.2595,-122.21799999999999
19507,47.4431,-121.765
19508,47.2978,-122.363
19509,47.6859,-122.166
19510,47.6366,-122.369
19511,47.7253,-122.09200000000001
19512,47.6819,-122.39299999999999
19513,47.6377,-122.219
19514,47.5524,-121.999
19515,47.5422,-122.11200000000001
19516,47.3819,-122.31200000000001
19517,47.5893,-122.135
19518,47.6226,-122.205
19519,47.5398,-122.17299999999999
19520,47.6067,-122.29799999999999
19521,47.7605,-122.258
19522,47.739,-122.25299999999999
19523,47.5659,-122.28399999999999
19524,47.7266,-122.363
19525,47.5512,-122.323
19526,47.6897,-122.175
19527,47.7592,-122.09200000000001
19528,47.7214,-122.166
19529,47.5307,-122.277
19530,47.6894,-122.28399999999999
19531,47.6745,-122.31
19532,47.4375,-122.166
19533,47.50899999999999,-122.166
19534,47.6368,-122.38799999999999
19535,47.2843,-122.352
19536,47.5683,-122.177
19537,47.5683,-122.177
19538,47.5911,-122.131
19539,47.4915,-122.228
19540,47.6709,-122.28200000000001
19541,47.5324,-122.38
19542,47.6318,-122.369
19543,47.684,-122.39299999999999
19544,47.6847,-122.37
19545,47.394,-122.18299999999999
19546,47.6474,-122.411
19547,47.4683,-122.281
19548,47.6582,-122.038
19549,47.6892,-121.913
19550,47.2703,-122.069
19551,47.3423,-122.088
19552,47.6643,-122.29
19553,47.6443,-122.194
19554,47.6385,-122.40100000000001
19555,47.4694,-122.26299999999999
19556,47.5926,-122.29899999999999
19557,47.6642,-122.13
19558,47.7356,-122.34
19559,47.6897,-122.39299999999999
19560,47.611999999999995,-122.119
19561,47.4475,-122.213
19562,47.5099,-122.33
19563,47.7461,-122.24700000000001
19564,47.6498,-122.396
19565,47.3347,-122.325
19566,47.7047,-122.307
19567,47.5854,-122.08
19568,47.6647,-122.28399999999999
19569,47.696999999999996,-122.34700000000001
19570,47.6288,-122.3
19571,47.5577,-122.02600000000001
19572,47.7364,-122.295
19573,47.4789,-122.346
19574,47.5128,-122.35799999999999
19575,47.7133,-122.031
19576,47.4514,-122.287
19577,47.3388,-122.166
19578,47.3045,-122.103
19579,47.4798,-122.228
19580,47.3165,-122.25200000000001
19581,47.3281,-122.344
19582,47.678999999999995,-122.38600000000001
19583,47.5345,-122.383
19584,47.5036,-122.387
19585,47.4243,-122.198
19586,47.6898,-122.015
19587,47.526,-121.829
19588,47.6808,-122.382
19589,47.4114,-122.334
19590,47.7501,-122.314
19591,47.7557,-122.309
19592,47.7558,-122.027
19593,47.5342,-121.868
19594,47.62,-122.3
19595,47.3545,-122.01100000000001
19596,47.6156,-122.295
19597,47.6239,-122.065
19598,47.3065,-122.113
19599,47.4594,-122.32600000000001
19600,47.4835,-122.33200000000001
19601,47.5974,-122.12899999999999
19602,47.6855,-122.289
19603,47.6399,-122.052
19604,47.5577,-122.389
19605,47.3514,-122.315
19606,47.7336,-122.28399999999999
19607,47.5342,-122.06700000000001
19608,47.7127,-122.21600000000001
19609,47.6785,-122.39200000000001
19610,47.5491,-122.19
19611,47.7188,-122.024
19612,47.6491,-122.334
19613,47.3682,-122.178
19614,47.7043,-122.12200000000001
19615,47.5655,-122.36
19616,47.6536,-122.354
19617,47.7447,-121.984
19618,47.3452,-122.209
19619,47.6651,-122.40299999999999
19620,47.5818,-122.402
19621,47.3551,-122.061
19622,47.6237,-122.023
19623,47.6907,-121.917
19624,47.3714,-122.197
19625,47.3473,-122.03
19626,47.773,-122.265
19627,47.7473,-122.23
19628,47.4832,-121.774
19629,47.54,-122.02600000000001
19630,47.7236,-122.353
19631,47.7049,-122.125
19632,47.5342,-122.34899999999999
19633,47.5991,-122.2
19634,47.7074,-121.36399999999999
19635,47.3363,-122.21600000000001
19636,47.4496,-122.189
19637,47.4911,-122.154
19638,47.5171,-122.34700000000001
19639,47.4973,-122.346
19640,47.3651,-122.197
19641,47.4482,-122.206
19642,47.5297,-122.073
19643,47.6712,-122.38
19644,47.7003,-122.346
19645,47.7107,-122.33200000000001
19646,47.6828,-122.345
19647,47.483999999999995,-121.771
19648,47.5186,-122.27600000000001
19649,47.6983,-122.367
19650,47.5208,-121.869
19651,47.6262,-122.323
19652,47.1952,-121.976
19653,47.5212,-122.35700000000001
19654,47.7338,-122.208
19655,47.718,-122.241
19656,47.5009,-122.225
19657,47.5341,-122.06700000000001
19658,47.6032,-122.30799999999999
19659,47.1942,-121.977
19660,47.3058,-122.277
19661,47.5337,-121.86
19662,47.5703,-122.288
19663,47.4939,-122.137
19664,47.2683,-121.946
19665,47.6235,-122.19200000000001
19666,47.4585,-122.361
19667,47.5701,-122.296
19668,47.7159,-122.251
19669,47.6482,-122.40799999999999
19670,47.5441,-122.117
19671,47.6536,-122.35600000000001
19672,47.6004,-122.29899999999999
19673,47.3737,-122.164
19674,47.6714,-122.39200000000001
19675,47.2822,-122.35700000000001
19676,47.7236,-122.353
19677,47.4834,-121.773
19678,47.3662,-122.01899999999999
19679,47.2589,-122.256
19680,47.3515,-122.275
19681,47.5351,-122.279
19682,47.5394,-122.02799999999999
19683,47.7214,-122.289
19684,47.6788,-122.38799999999999
19685,47.6741,-122.384
19686,47.3537,-122.01799999999999
19687,47.345,-122.21
19688,47.566,-122.29
19689,47.6974,-122.34899999999999
19690,47.62,-122.309
19691,47.5482,-122.38799999999999
19692,47.5918,-122.196
19693,47.6214,-122.06200000000001
19694,47.6948,-122.179
19695,47.5401,-122.027
19696,47.3451,-122.215
19697,47.6968,-122.34
19698,47.4795,-122.126
19699,47.6765,-122.301
19700,47.4517,-122.204
19701,47.6488,-122.334
19702,47.5074,-122.17200000000001
19703,47.4776,-122.12200000000001
19704,47.361999999999995,-122.2
19705,47.5446,-121.88
19706,47.5674,-122.39200000000001
19707,47.341,-122.18
19708,47.7079,-122.10600000000001
19709,47.6497,-122.339
19710,47.7048,-122.111
19711,47.5322,-122.073
19712,47.6727,-122.37299999999999
19713,47.7338,-122.234
19714,47.555,-122.363
19715,47.3029,-122.387
19716,47.3845,-122.039
19717,47.4372,-122.206
19718,47.386,-122.162
19719,47.4831,-121.773
19720,47.7258,-122.37
19721,47.5337,-121.84100000000001
19722,47.6175,-122.29700000000001
19723,47.7733,-122.266
19724,47.5444,-122.014
19725,47.6585,-122.348
19726,47.5506,-122.381
19727,47.5872,-122.055
19728,47.5405,-121.993
19729,47.3522,-122.275
19730,47.6948,-122.178
19731,47.5405,-122.027
19732,47.5187,-122.208
19733,47.5959,-122.29799999999999
19734,47.5664,-122.369
19735,47.5382,-121.86
19736,47.515,-121.869
19737,47.5413,-121.87700000000001
19738,47.3582,-122.2
19739,47.5635,-122.29899999999999
19740,47.4842,-122.34700000000001
19741,47.5405,-122.02600000000001
19742,47.62600000000001,-122.323
19743,47.6762,-122.26700000000001
19744,47.3532,-122.211
19745,47.6636,-122.319
19746,47.5394,-122.02600000000001
19747,47.7327,-121.965
19748,47.65,-122.065
19749,47.6911,-122.31299999999999
19750,47.5439,-122.01100000000001
19751,47.547,-122.19200000000001
19752,47.2911,-122.266
19753,47.7111,-122.331
19754,47.7329,-121.96600000000001
19755,47.6681,-122.355
19756,47.5903,-122.38600000000001
19757,47.6904,-122.34200000000001
19758,47.3494,-122.041
19759,47.5167,-121.885
19760,47.3483,-122.042
19761,47.6326,-122.21600000000001
19762,47.5857,-122.314
19763,47.5426,-121.87899999999999
19764,47.4949,-122.149
19765,47.3008,-122.38600000000001
19766,47.5458,-122.369
19767,47.6961,-122.34100000000001
19768,47.73,-122.335
19769,47.3227,-122.37
19770,47.5225,-122.35700000000001
19771,47.708999999999996,-122.01899999999999
19772,47.2824,-122.295
19773,47.5168,-122.37799999999999
19774,47.5632,-122.399
19775,47.6461,-122.36200000000001
19776,47.5638,-122.38799999999999
19777,47.5687,-122.291
19778,47.6533,-122.346
19779,47.5874,-122.38600000000001
19780,47.56399999999999,-122.09299999999999
19781,47.3338,-122.052
19782,47.3696,-122.01799999999999
19783,47.4899,-122.255
19784,47.5941,-122.00399999999999
19785,47.5421,-122.38799999999999
19786,47.4947,-122.171
19787,47.5344,-121.874
19788,47.5538,-121.99700000000001
19789,47.6047,-122.305
19790,47.5156,-121.884
19791,47.6935,-122.34100000000001
19792,47.5455,-122.37100000000001
19793,47.7049,-122.12299999999999
19794,47.665,-122.087
19795,47.6173,-122.056
19796,47.3706,-122.01700000000001
19797,47.2584,-122.196
19798,47.699,-122.206
19799,47.5328,-122.28200000000001
19800,47.5059,-122.146
19801,47.5449,-122.01100000000001
19802,47.3547,-122.06200000000001
19803,47.7064,-122.23200000000001
19804,47.5339,-122.06700000000001
19805,47.515,-121.87299999999999
19806,47.5639,-122.38799999999999
19807,47.6364,-122.209
19808,47.6179,-122.301
19809,47.5401,-122.073
19810,47.5434,-122.368
19811,47.5019,-122.34
19812,47.5055,-122.194
19813,47.5137,-122.169
19814,47.6965,-122.34200000000001
19815,47.6036,-122.059
19816,47.4729,-122.35
19817,47.678999999999995,-122.15299999999999
19818,47.4293,-122.18799999999999
19819,47.7112,-122.01899999999999
19820,47.3517,-122.21
19821,47.5959,-122.014
19822,47.5442,-122.37100000000001
19823,47.7265,-121.95700000000001
19824,47.3986,-122.166
19825,47.3059,-122.28
19826,47.2599,-122.19200000000001
19827,47.5191,-121.869
19828,47.4827,-122.131
19829,47.5402,-122.387
19830,47.5179,-122.195
19831,47.4944,-122.149
19832,47.663999999999994,-122.2
19833,47.4897,-122.147
19834,47.5457,-121.881
19835,47.4821,-122.14200000000001
19836,47.3993,-122.162
19837,47.7235,-122.353
19838,47.745,-122.181
19839,47.5132,-122.387
19840,47.5311,-122.134
19841,47.3785,-122.023
19842,47.5406,-121.98200000000001
19843,47.6959,-122.133
19844,47.54,-122.02600000000001
19845,47.2581,-122.2
19846,47.5338,-122.06700000000001
19847,47.6692,-122.37200000000001
19848,47.5048,-122.154
19849,47.5595,-122.365
19850,47.6987,-122.31700000000001
19851,47.761,-122.23200000000001
19852,47.6797,-122.385
19853,47.685,-122.039
19854,47.5377,-122.046
19855,47.5644,-122.383
19856,47.5224,-122.39
19857,47.5022,-122.145
19858,47.3803,-122.204
19859,47.5633,-122.29700000000001
19860,47.7325,-122.165
19861,47.4831,-121.773
19862,47.5014,-122.34100000000001
19863,47.5397,-122.072
19864,47.3338,-122.053
19865,47.7076,-122.115
19866,47.6536,-122.35799999999999
19867,47.6697,-122.37100000000001
19868,47.3122,-122.04
19869,47.5924,-122.29899999999999
19870,47.5394,-121.861
19871,47.5756,-122.071
19872,47.7094,-122.01799999999999
19873,47.7329,-121.976
19874,47.4853,-122.154
19875,47.2872,-122.257
19876,47.31399999999999,-122.023
19877,47.2743,-122.009
19878,47.3974,-122.005
19879,47.5374,-122.21600000000001
19880,47.54,-121.876
19881,47.589,-122.387
19882,47.496,-122.169
19883,47.6989,-122.346
19884,47.5401,-122.02600000000001
19885,47.4408,-122.161
19886,47.5371,-122.073
19887,47.7312,-122.334
19888,47.6073,-122.304
19889,47.7214,-122.227
19890,47.6536,-122.34
19891,47.5265,-121.887
19892,47.6844,-122.199
19893,47.669,-122.402
19894,47.5155,-121.87
19895,47.5209,-121.874
19896,47.6166,-122.291
19897,47.5044,-122.17
19898,47.5622,-122.384
19899,47.5196,-121.869
19900,47.6067,-122.053
19901,47.5429,-122.012
19902,47.5367,-121.88
19903,47.5481,-122.384
19904,47.2603,-122.194
19905,47.5555,-122.363
19906,47.648999999999994,-122.383
19907,47.6684,-122.365
19908,47.563,-122.29700000000001
19909,47.5648,-122.294
19910,47.2972,-122.348
19911,47.6192,-122.29700000000001
19912,47.6248,-122.29
19913,47.699,-122.31700000000001
19914,47.4579,-122.443
19915,47.431000000000004,-122.285
19916,47.6705,-122.145
19917,47.5533,-122.381
19918,47.2582,-122.196
19919,47.605,-122.304
19920,47.6646,-122.367
19921,47.5096,-122.363
19922,47.3586,-122.15700000000001
19923,47.5325,-122.073
19924,47.5245,-122.184
19925,47.3555,-122.061
19926,47.5403,-122.286
19927,47.5393,-122.361
19928,47.4694,-121.98899999999999
19929,47.4954,-122.17200000000001
19930,47.607,-122.053
19931,47.7333,-121.976
19932,47.6181,-122.056
19933,47.5879,-122.304
19934,47.6931,-122.022
19935,47.3785,-122.185
19936,47.5487,-122.37200000000001
19937,47.3857,-122.162
19938,47.6659,-122.17200000000001
19939,47.4806,-122.125
19940,47.5951,-122.2
19941,47.6321,-122.361
19942,47.6256,-122.29899999999999
19943,47.5201,-121.885
19944,47.7282,-122.296
19945,47.6232,-122.205
19946,47.5589,-122.365
19947,47.5573,-122.02
19948,47.6647,-122.083
19949,47.5439,-122.375
19950,47.3594,-122.08200000000001
19951,47.5666,-122.29299999999999
19952,47.6971,-122.37100000000001
19953,47.6291,-122.34700000000001
19954,47.5367,-122.072
19955,47.45,-122.37700000000001
19956,47.2966,-122.348
19957,47.5928,-122.199
19958,47.5431,-122.01100000000001
19959,47.5667,-122.29700000000001
19960,47.6718,-122.38600000000001
19961,47.658,-122.006
19962,47.7183,-122.31700000000001
19963,47.3428,-122.179
19964,47.7185,-121.405
19965,47.6836,-122.208
19966,47.6207,-122.301
19967,47.577,-122.41
19968,47.6318,-122.071
19969,47.4496,-122.189
19970,47.6695,-122.339
19971,47.718,-122.161
19972,47.6911,-122.29299999999999
19973,47.6548,-122.19
19974,47.6173,-122.31
19975,47.7168,-122.189
19976,47.6536,-122.354
19977,47.5761,-122.41
19978,47.3452,-122.215
19979,47.4914,-122.25299999999999
19980,47.7034,-122.35700000000001
19981,47.2611,-122.198
19982,47.6529,-122.384
19983,47.6923,-122.39200000000001
19984,47.675,-122.387
19985,47.6801,-122.322
19986,47.677,-122.325
19987,47.7176,-122.28399999999999
19988,47.7133,-122.311
19989,47.5744,-122.406
19990,47.5443,-122.375
19991,47.7095,-122.01899999999999
19992,47.6196,-122.29700000000001
19993,47.6823,-122.34700000000001
19994,47.6864,-122.215
19995,47.5532,-122.381
19996,47.5894,-122.315
19997,47.6951,-122.34299999999999
19998,47.3412,-122.179
19999,47.7306,-122.291
20000,47.5183,-121.88600000000001
20001,47.6741,-122.406
20002,47.6715,-122.39200000000001
20003,47.5235,-122.16799999999999
20004,47.7116,-122.01899999999999
20005,47.57,-122.288
20006,47.5492,-122.387
20007,47.3457,-122.21700000000001
20008,47.6944,-122.37700000000001
20009,47.6979,-122.205
20010,47.6968,-122.348
20011,47.3559,-122.023
20012,47.6638,-122.084
20013,47.6161,-122.302
20014,47.3276,-122.163
20015,47.5732,-122.387
20016,47.5441,-121.86
20017,47.4988,-122.148
20018,47.341,-122.179
20019,47.6427,-122.32700000000001
20020,47.5477,-122.38799999999999
20021,47.365,-122.456
20022,47.626999999999995,-122.361
20023,47.6845,-122.359
20024,47.7322,-121.96600000000001
20025,47.644,-122.32700000000001
20026,47.7189,-122.225
20027,47.5571,-122.35600000000001
20028,47.29600000000001,-122.35
20029,47.2776,-122.251
20030,47.493,-122.147
20031,47.695,-122.18
20032,47.5919,-121.975
20033,47.4595,-122.208
20034,47.2716,-122.29700000000001
20035,47.2689,-122.24
20036,47.5342,-121.84200000000001
20037,47.5644,-122.09299999999999
20038,47.5644,-122.09299999999999
20039,47.3122,-122.039
20040,47.6651,-122.368
20041,47.777,-122.36200000000001
20042,47.5324,-122.073
20043,47.6533,-122.34100000000001
20044,47.3751,-122.189
20045,47.5418,-122.01
20046,47.6384,-122.34299999999999
20047,47.501999999999995,-122.146
20048,47.5357,-122.073
20049,47.678000000000004,-122.375
20050,47.5797,-122.391
20051,47.5392,-121.86200000000001
20052,47.6858,-122.336
20053,47.5414,-121.994
20054,47.6682,-122.361
20055,47.4477,-122.204
20056,47.6996,-122.23299999999999
20057,47.6826,-122.324
20058,47.71,-122.113
20059,47.3412,-122.178
20060,47.2595,-122.20200000000001
20061,47.6479,-122.40799999999999
20062,47.5153,-121.87100000000001
20063,47.4862,-122.163
20064,47.7168,-122.331
20065,47.6638,-122.319
20066,47.6743,-122.374
20067,47.4797,-122.23
20068,47.7184,-122.156
20069,47.5869,-122.054
20070,47.6692,-122.37200000000001
20071,47.506,-122.145
20072,47.5491,-122.387
20073,47.3613,-122.038
20074,47.489,-122.14
20075,47.3559,-122.06299999999999
20076,47.6349,-122.198
20077,47.6413,-122.329
20078,47.7465,-122.23100000000001
20079,47.5323,-122.071
20080,47.6295,-122.236
20081,47.6595,-122.351
20082,47.6749,-122.176
20083,47.5534,-122.382
20084,47.428999999999995,-122.18799999999999
20085,47.7397,-122.22399999999999
20086,47.4766,-121.735
20087,47.3393,-122.181
20088,47.5681,-122.12700000000001
20089,47.5511,-122.37299999999999
20090,47.6127,-122.29899999999999
20091,47.3341,-122.052
20092,47.6679,-122.17200000000001
20093,47.6844,-122.387
20094,47.6684,-122.365
20095,47.4643,-122.346
20096,47.5458,-122.369
20097,47.6861,-122.01299999999999
20098,47.7717,-122.236
20099,47.77,-122.236
20100,47.5655,-122.38600000000001
20101,47.2975,-122.35
20102,47.7167,-122.29799999999999
20103,47.5674,-122.369
20104,47.6513,-122.384
20105,47.5711,-122.286
20106,47.6212,-122.05799999999999
20107,47.3054,-122.27600000000001
20108,47.6712,-122.39
20109,47.6826,-122.39399999999999
20110,47.7053,-122.126
20111,47.5421,-122.01100000000001
20112,47.6398,-122.345
20113,47.6852,-122.21
20114,47.53,-122.26799999999999
20115,47.6379,-122.111
20116,47.6621,-122.324
20117,47.3255,-122.164
20118,47.6721,-122.387
20119,47.3052,-122.28299999999999
20120,47.7009,-122.059
20121,47.5642,-122.292
20122,47.7221,-122.352
20123,47.5569,-122.363
20124,47.4888,-122.14
20125,47.662,-121.944
20126,47.5071,-122.148
20127,47.5656,-122.40299999999999
20128,47.5767,-122.225
20129,47.2602,-122.28399999999999
20130,47.5019,-122.34
20131,47.5881,-122.304
20132,47.755,-122.21600000000001
20133,47.6506,-122.383
20134,47.6363,-122.37100000000001
20135,47.342,-122.059
20136,47.592,-122.085
20137,47.3496,-122.042
20138,47.6715,-122.406
20139,47.5483,-122.00399999999999
20140,47.5375,-122.073
20141,47.543,-122.266
20142,47.5604,-122.363
20143,47.3737,-122.165
20144,47.5828,-122.314
20145,47.6022,-122.06
20146,47.3525,-122.275
20147,47.3448,-122.024
20148,47.5344,-122.068
20149,47.7246,-122.363
20150,47.5396,-121.995
20151,47.7737,-122.238
20152,47.6354,-122.198
20153,47.479,-122.124
20154,47.7694,-122.064
20155,47.6062,-122.057
20156,47.7511,-122.17299999999999
20157,47.5216,-121.869
20158,47.5626,-122.005
20159,47.49100000000001,-122.15299999999999
20160,47.6594,-122.355
20161,47.3359,-122.054
20162,47.4594,-122.133
20163,47.7743,-122.279
20164,47.5168,-121.883
20165,47.5168,-121.883
20166,47.5181,-121.885
20167,47.4196,-122.193
20168,47.6664,-122.27600000000001
20169,47.2752,-122.34899999999999
20170,47.5117,-122.365
20171,47.6719,-122.39
20172,47.6485,-122.334
20173,47.7368,-122.208
20174,47.5212,-122.35799999999999
20175,47.5446,-121.86200000000001
20176,47.5631,-122.29700000000001
20177,47.7744,-122.22399999999999
20178,47.375,-122.16
20179,47.7352,-122.223
20180,47.6709,-122.166
20181,47.6476,-122.079
20182,47.6846,-122.045
20183,47.3555,-122.06200000000001
20184,47.7109,-122.01700000000001
20185,47.6179,-122.318
20186,47.6864,-122.265
20187,47.3216,-121.94
20188,47.3994,-122.311
20189,47.695,-122.022
20190,47.5168,-121.87100000000001
20191,47.3731,-122.15899999999999
20192,47.4928,-122.149
20193,47.6396,-122.329
20194,47.7349,-122.238
20195,47.486999999999995,-122.32
20196,47.2607,-122.25
20197,47.5664,-122.37
20198,47.5308,-122.184
20199,47.4786,-122.12299999999999
20200,47.5294,-122.154
20201,47.5338,-121.84100000000001
20202,47.5518,-122.35700000000001
20203,47.6181,-122.301
20204,47.4166,-122.319
20205,47.6934,-122.34200000000001
20206,47.6827,-122.346
20207,47.5151,-121.883
20208,47.6936,-122.19
20209,47.5619,-122.027
20210,47.5285,-122.031
20211,47.543,-122.375
20212,47.4856,-122.154
20213,47.5476,-122.37
20214,47.5875,-122.315
20215,47.6533,-122.346
20216,47.5339,-122.28399999999999
20217,47.6245,-122.21
20218,47.5605,-122.396
20219,47.6226,-122.31299999999999
20220,47.4828,-122.13600000000001
20221,47.5794,-122.03
20222,47.7073,-122.118
20223,47.591,-122.008
20224,47.7034,-122.345
20225,47.5409,-121.994
20226,47.2592,-122.194
20227,47.3568,-122.163
20228,47.6239,-122.29
20229,47.549,-122.374
20230,47.6903,-122.37
20231,47.6882,-122.214
20232,47.5547,-122.30799999999999
20233,47.5014,-122.34
20234,47.5999,-122.286
20235,47.5254,-121.88600000000001
20236,47.6263,-122.09899999999999
20237,47.6706,-122.37799999999999
20238,47.5184,-122.196
20239,47.4823,-121.771
20240,47.5183,-122.376
20241,47.6763,-122.26700000000001
20242,47.7043,-122.11399999999999
20243,47.528,-122.26899999999999
20244,47.5165,-122.346
20245,47.6072,-122.053
20246,47.7273,-121.958
20247,47.7044,-122.209
20248,47.4823,-122.124
20249,47.515,-121.869
20250,47.6168,-122.314
20251,47.4695,-121.775
20252,47.5402,-122.027
20253,47.379,-122.184
20254,47.6887,-122.04
20255,47.3561,-122.06299999999999
20256,47.5482,-121.99600000000001
20257,47.5925,-122.295
20258,47.3613,-122.081
20259,47.5816,-122.021
20260,47.5427,-122.272
20261,47.5582,-122.363
20262,47.6635,-122.083
20263,47.4937,-122.15
20264,47.6954,-122.022
20265,47.4295,-122.205
20266,47.2874,-122.257
20267,47.3785,-122.023
20268,47.3535,-122.01700000000001
20269,47.4959,-122.15
20270,47.3482,-122.042
20271,47.3612,-122.081
20272,47.3519,-122.197
20273,47.7611,-122.23299999999999
20274,47.5806,-122.055
20275,47.3686,-122.117
20276,47.776,-122.26
20277,47.5469,-122.383
20278,47.3455,-122.21
20279,47.6364,-122.214
20280,47.3389,-122.334
20281,47.4874,-122.152
20282,47.3521,-122.211
20283,47.5419,-122.38799999999999
20284,47.6974,-122.34899999999999
20285,47.3425,-122.179
20286,47.705,-122.11399999999999
20287,47.5373,-121.874
20288,47.618,-122.311
20289,47.6175,-122.056
20290,47.6981,-122.376
20291,47.6172,-122.31
20292,47.6534,-122.355
20293,47.5755,-122.071
20294,47.4557,-122.13
20295,47.5929,-122.30799999999999
20296,47.6925,-122.375
20297,47.536,-122.28399999999999
20298,47.25899999999999,-122.256
20299,47.3359,-122.257
20300,47.53,-122.073
20301,47.7027,-122.359
20302,47.7705,-122.169
20303,47.3706,-122.01700000000001
20304,47.6875,-122.015
20305,47.3596,-122.08200000000001
20306,47.6463,-122.12100000000001
20307,47.6597,-122.355
20308,47.355,-122.059
20309,47.5283,-122.205
20310,47.6547,-122.20200000000001
20311,47.3453,-122.26700000000001
20312,47.4221,-122.19200000000001
20313,47.7442,-121.984
20314,47.2586,-122.194
20315,47.3421,-122.179
20316,47.6991,-122.346
20317,47.2583,-122.198
20318,47.5202,-121.87299999999999
20319,47.5788,-122.315
20320,47.3261,-122.163
20321,47.6521,-122.4
20322,47.5917,-122.295
20323,47.3555,-122.06299999999999
20324,47.7089,-122.245
20325,47.708,-122.109
20326,47.6845,-122.20700000000001
20327,47.5754,-122.071
20328,47.6834,-122.2
20329,47.5528,-122.09299999999999
20330,47.4493,-122.281
20331,47.5494,-122.37200000000001
20332,47.3539,-122.021
20333,47.4827,-122.131
20334,47.5836,-121.994
20335,47.6386,-122.38799999999999
20336,47.3667,-122.307
20337,47.3568,-122.055
20338,47.371,-122.01799999999999
20339,47.4739,-122.11
20340,47.6187,-122.301
20341,47.6948,-122.178
20342,47.7685,-122.236
20343,47.2586,-122.2
20344,47.7385,-122.25
20345,47.6691,-122.402
20346,47.5065,-122.171
20347,47.4995,-122.15
20348,47.5648,-122.294
20349,47.2597,-122.199
20350,47.5902,-122.311
20351,47.6518,-122.384
20352,47.5407,-121.993
20353,47.6356,-122.281
20354,47.6889,-122.352
20355,47.5066,-122.146
20356,47.5828,-122.314
20357,47.7719,-122.16799999999999
20358,47.5445,-122.01299999999999
20359,47.5196,-121.87799999999999
20360,47.4827,-122.135
20361,47.5606,-122.01100000000001
20362,47.5929,-122.057
20363,47.5352,-121.88
20364,47.666000000000004,-122.367
20365,47.5404,-122.073
20366,47.6998,-122.367
20367,47.5694,-122.387
20368,47.5314,-122.39200000000001
20369,47.3538,-122.021
20370,47.4104,-122.486
20371,47.6681,-122.355
20372,47.5538,-122.28200000000001
20373,47.588,-122.304
20374,47.3654,-122.021
20375,47.7747,-122.366
20376,47.5535,-122.395
20377,47.2773,-122.21600000000001
20378,47.6801,-122.348
20379,47.5348,-122.295
20380,47.3375,-122.337
20381,47.4866,-122.155
20382,47.5661,-122.29
20383,47.3587,-122.163
20384,47.5396,-122.387
20385,47.5342,-121.84100000000001
20386,47.496,-122.15100000000001
20387,47.5671,-122.29799999999999
20388,47.523999999999994,-122.2
20389,47.7043,-122.209
20390,47.3726,-122.15899999999999
20391,47.6026,-122.06
20392,47.6689,-122.363
20393,47.5394,-122.027
20394,47.5472,-122.384
20395,47.6842,-122.04
20396,47.6512,-122.345
20397,47.6748,-122.37700000000001
20398,47.7477,-122.236
20399,47.6536,-122.354
20400,47.3454,-122.214
20401,47.7678,-122.23700000000001
20402,47.5389,-121.86
20403,47.653,-122.352
20404,47.53,-122.073
20405,47.4807,-121.795
20406,47.6408,-122.307
20407,47.3602,-122.08200000000001
20408,47.5158,-121.87100000000001
20409,47.7072,-121.98299999999999
20410,47.5481,-122.103
20411,47.4697,-122.26700000000001
20412,47.5602,-122.39
20413,47.7043,-122.11399999999999
20414,47.7226,-122.33
20415,47.3706,-122.01799999999999
20416,47.5488,-122.36399999999999
20417,47.6206,-122.29899999999999
20418,47.5941,-121.973
20419,47.3424,-122.179
20420,47.5603,-122.01299999999999
20421,47.6907,-122.34299999999999
20422,47.4944,-122.15
20423,47.4785,-122.228
20424,47.5646,-122.295
20425,47.6409,-122.221
20426,47.545,-122.368
20427,47.6961,-122.34899999999999
20428,47.4799,-122.12700000000001
20429,47.7338,-122.309
20430,47.611999999999995,-122.295
20431,47.5998,-122.311
20432,47.665,-122.285
20433,47.5684,-122.314
20434,47.6945,-122.01799999999999
20435,47.593,-122.057
20436,47.663999999999994,-121.87799999999999
20437,47.5299,-122.20299999999999
20438,47.6875,-122.339
20439,47.5115,-122.031
20440,47.728,-122.292
20441,47.5172,-122.208
20442,47.53100000000001,-122.134
20443,47.718999999999994,-122.31700000000001
20444,47.648,-122.21799999999999
20445,47.5492,-122.27600000000001
20446,47.5397,-122.387
20447,47.3938,-122.321
20448,47.2961,-122.348
20449,47.5075,-122.148
20450,47.6915,-122.177
20451,47.6886,-122.36399999999999
20452,47.5934,-121.97399999999999
20453,47.6395,-122.329
20454,47.5345,-122.069
20455,47.5016,-121.905
20456,47.3584,-122.163
20457,47.5402,-122.02799999999999
20458,47.6935,-122.34200000000001
20459,47.5401,-122.027
20460,47.6964,-122.34100000000001
20461,47.6972,-122.34100000000001
20462,47.6619,-122.324
20463,47.5644,-122.38799999999999
20464,47.6543,-122.345
20465,47.3494,-122.044
20466,47.5444,-122.369
20467,47.6018,-122.29700000000001
20468,47.5401,-121.993
20469,47.543,-122.37200000000001
20470,47.7321,-122.334
20471,47.6178,-122.29
20472,47.5923,-121.973
20473,47.6835,-122.045
20474,47.7209,-122.291
20475,47.495,-122.149
20476,47.6522,-122.346
20477,47.6762,-122.288
20478,47.3826,-122.036
20479,47.5496,-122.38799999999999
20480,47.5819,-122.04700000000001
20481,47.669,-122.402
20482,47.6781,-122.374
20483,47.4803,-121.795
20484,47.5963,-122.2
20485,47.6966,-122.133
20486,47.4876,-122.146
20487,47.5345,-122.069
20488,47.3452,-122.21
20489,47.6865,-122.363
20490,47.6968,-122.025
20491,47.2583,-122.20299999999999
20492,47.5477,-122.38799999999999
20493,47.4919,-122.336
20494,47.6485,-122.334
20495,47.6196,-122.29700000000001
20496,47.3693,-122.286
20497,47.5638,-122.094
20498,47.6605,-122.319
20499,47.5033,-122.193
20500,47.6905,-122.36399999999999
20501,47.4497,-122.18799999999999
20502,47.6356,-122.37299999999999
20503,47.6534,-122.35600000000001
20504,47.7202,-122.223
20505,47.6689,-122.363
20506,47.4831,-122.135
20507,47.602,-122.30799999999999
20508,47.5818,-122.402
20509,47.3263,-122.18
20510,47.6376,-122.32600000000001
20511,47.6358,-122.20700000000001
20512,47.6369,-122.32700000000001
20513,47.5925,-122.302
20514,47.708999999999996,-122.118
20515,47.648,-122.396
20516,47.4692,-122.351
20517,47.3611,-122.04700000000001
20518,47.7323,-122.165
20519,47.6387,-122.405
20520,47.6006,-122.305
20521,47.3454,-122.214
20522,47.3601,-122.03200000000001
20523,47.4222,-122.193
20524,47.5893,-122.31700000000001
20525,47.5555,-122.363
20526,47.5607,-122.031
20527,47.7035,-122.35700000000001
20528,47.63800000000001,-122.375
20529,47.6675,-122.368
20530,47.6871,-122.339
20531,47.5459,-122.368
20532,47.4517,-122.084
20533,47.5168,-121.87
20534,47.5638,-122.295
20535,47.6728,-122.374
20536,47.3341,-122.304
20537,47.3626,-122.04
20538,47.6856,-122.315
20539,47.3404,-122.181
20540,47.6994,-122.34100000000001
20541,47.5171,-122.34700000000001
20542,47.7222,-122.331
20543,47.5489,-122.363
20544,47.5975,-121.985
20545,47.3522,-122.20100000000001
20546,47.5493,-121.99799999999999
20547,47.5388,-122.11399999999999
20548,47.5446,-122.01700000000001
20549,47.5444,-122.375
20550,47.7162,-122.294
20551,47.6356,-122.346
20552,47.6651,-122.368
20553,47.6965,-122.134
20554,47.6273,-122.359
20555,47.6114,-122.31
20556,47.495,-122.145
20557,47.4213,-122.194
20558,47.70399999999999,-122.34700000000001
20559,47.6866,-122.01299999999999
20560,47.5433,-122.376
20561,47.6813,-122.37200000000001
20562,47.5947,-122.039
20563,47.3584,-122.083
20564,47.7178,-122.19
20565,47.5134,-122.34200000000001
20566,47.7185,-122.31700000000001
20567,47.58600000000001,-122.383
20568,47.5202,-121.87
20569,47.4829,-122.156
20570,47.6372,-122.324
20571,47.6775,-122.385
20572,47.5524,-122.139
20573,47.4916,-122.15299999999999
20574,47.4925,-122.273
20575,47.3523,-122.212
20576,47.5802,-122.039
20577,47.6607,-122.36200000000001
20578,47.6767,-122.291
20579,47.5108,-122.36200000000001
20580,47.5456,-122.12899999999999
20581,47.6904,-122.37
20582,47.2953,-122.265
20583,47.6973,-122.35
20584,47.4783,-122.12299999999999
20585,47.7169,-122.02
20586,47.515,-121.87
20587,47.5448,-122.288
20588,47.5212,-122.35700000000001
20589,47.3363,-122.211
20590,47.3627,-122.04
20591,47.5381,-121.86
20592,47.705,-122.126
20593,47.773999999999994,-122.162
20594,47.5629,-122.29700000000001
20595,47.6764,-122.389
20596,47.5419,-122.271
20597,47.5419,-122.271
20598,47.7293,-122.34299999999999
20599,47.3515,-122.134
20600,47.3258,-122.165
20601,47.3366,-122.052
20602,47.6206,-122.3
20603,47.688,-122.01799999999999
20604,47.6706,-122.17299999999999
20605,47.6961,-122.34899999999999
20606,47.7053,-122.113
20607,47.5785,-122.225
20608,47.5446,-122.01700000000001
20609,47.5408,-121.992
20610,47.549,-122.387
20611,47.5165,-122.346
20612,47.7175,-122.28399999999999
20613,47.5555,-122.36200000000001
20614,47.3452,-122.21700000000001
20615,47.5108,-122.363
20616,47.6353,-122.37100000000001
20617,47.5571,-122.35700000000001
20618,47.5429,-122.387
20619,47.6072,-122.054
20620,47.43,-122.18799999999999
20621,47.7123,-122.301
20622,47.3451,-122.214
20623,47.5342,-121.876
20624,47.6869,-122.01899999999999
20625,47.3607,-122.038
20626,47.6558,-122.348
20627,47.5169,-121.88600000000001
20628,47.2975,-122.35
20629,47.6955,-122.29
20630,47.2851,-122.277
20631,47.5402,-122.387
20632,47.2905,-122.264
20633,47.6823,-122.32700000000001
20634,47.6783,-122.366
20635,47.7744,-122.225
20636,47.5289,-122.321
20637,47.553999999999995,-121.99799999999999
20638,47.7302,-122.355
20639,47.6236,-122.023
20640,47.7113,-122.34899999999999
20641,47.5442,-122.37100000000001
20642,47.4815,-122.12700000000001
20643,47.37,-122.01899999999999
20644,47.5582,-122.363
20645,47.7049,-122.125
20646,47.6647,-122.087
20647,47.3384,-122.18
20648,47.5802,-122.212
20649,47.6912,-122.31299999999999
20650,47.5818,-122.04700000000001
20651,47.754,-122.215
20652,47.5701,-122.288
20653,47.4759,-121.734
20654,47.4759,-121.734
20655,47.5328,-122.28200000000001
20656,47.3427,-122.27799999999999
20657,47.6853,-122.35600000000001
20658,47.5765,-122.072
20659,47.5525,-121.99
20660,47.5528,-122.07600000000001
20661,47.2582,-122.198
20662,47.5184,-122.196
20663,47.5515,-122.0
20664,47.3448,-122.21700000000001
20665,47.6819,-122.17200000000001
20666,47.6178,-122.055
20667,47.343999999999994,-122.26899999999999
20668,47.4714,-122.071
20669,47.7647,-122.213
20670,47.1948,-121.975
20671,47.6856,-122.01299999999999
20672,47.708999999999996,-122.01799999999999
20673,47.3665,-122.022
20674,47.4513,-122.20200000000001
20675,47.6371,-122.32700000000001
20676,47.5934,-122.29799999999999
20677,47.6179,-122.31200000000001
20678,47.5775,-122.41
20679,47.4565,-122.287
20680,47.5368,-122.073
20681,47.5013,-122.147
20682,47.7748,-122.244
20683,47.2599,-122.256
20684,47.7401,-122.226
20685,47.6884,-122.374
20686,47.3359,-122.055
20687,47.6653,-122.205
20688,47.7727,-122.23700000000001
20689,47.6714,-122.382
20690,47.5325,-122.072
20691,47.5241,-122.285
20692,47.428999999999995,-122.189
20693,47.5073,-122.16799999999999
20694,47.431000000000004,-122.335
20695,47.6034,-122.309
20696,47.4865,-122.14299999999999
20697,47.5973,-122.29799999999999
20698,47.3363,-122.215
20699,47.6646,-122.367
20700,47.5439,-121.88
20701,47.5202,-122.35700000000001
20702,47.5893,-122.309
20703,47.535,-122.28399999999999
20704,47.5123,-122.35799999999999
20705,47.5079,-122.15799999999999
20706,47.537,-122.185
20707,47.6989,-122.31700000000001
20708,47.5675,-122.369
20709,47.5491,-122.387
20710,47.516999999999996,-121.876
20711,47.4178,-121.93700000000001
20712,47.356,-122.057
20713,47.699,-122.20700000000001
20714,47.7449,-122.19200000000001
20715,47.5321,-122.073
20716,47.4283,-122.102
20717,47.7039,-122.36
20718,47.7457,-121.985
20719,47.5323,-122.281
20720,47.3771,-122.186
20721,47.6927,-121.92
20722,47.6624,-122.197
20723,47.5816,-122.296
20724,47.5774,-122.412
20725,47.3518,-122.275
20726,47.6371,-122.32700000000001
20727,47.5339,-122.06700000000001
20728,47.5663,-122.29
20729,47.51,-122.185
20730,47.3512,-122.135
20731,47.7117,-122.32600000000001
20732,47.5374,-122.35700000000001
20733,47.7348,-122.34700000000001
20734,47.5592,-122.28399999999999
20735,47.6764,-122.39200000000001
20736,47.3451,-122.209
20737,47.5416,-121.994
20738,47.50100000000001,-121.902
20739,47.6843,-122.305
20740,47.717,-122.19
20741,47.3564,-122.198
20742,47.3658,-122.037
20743,47.2671,-122.256
20744,47.5392,-121.861
20745,47.7065,-122.118
20746,47.5396,-122.073
20747,47.4487,-122.205
20748,47.36,-122.318
20749,47.3574,-122.318
20750,47.5286,-122.18700000000001
20751,47.5724,-122.104
20752,47.1967,-121.96600000000001
20753,47.6435,-122.354
20754,47.7384,-122.348
20755,47.6298,-122.321
20756,47.6534,-122.355
20757,47.7484,-122.322
20758,47.4593,-122.13600000000001
20759,47.5169,-121.884
20760,47.5424,-122.12
20761,47.3689,-122.175
20762,47.562,-122.292
20763,47.7076,-122.34200000000001
20764,47.7076,-122.34200000000001
20765,47.695,-122.34299999999999
20766,47.532,-122.384
20767,47.7327,-121.96600000000001
20768,47.6942,-122.016
20769,47.5017,-122.34
20770,47.6023,-122.314
20771,47.4827,-121.773
20772,47.5432,-122.376
20773,47.4841,-121.772
20774,47.2596,-122.194
20775,47.6057,-122.04700000000001
20776,47.6205,-122.29899999999999
20777,47.6088,-122.311
20778,47.6951,-122.346
20779,47.6489,-122.335
20780,47.3774,-122.186
20781,47.5772,-122.40899999999999
20782,47.5633,-122.385
20783,47.7731,-122.34299999999999
20784,47.7108,-122.33200000000001
20785,47.7158,-122.016
20786,47.2904,-122.264
20787,47.7711,-122.16799999999999
20788,47.3455,-122.023
20789,47.6908,-122.365
20790,47.3573,-122.20200000000001
20791,47.5669,-122.29700000000001
20792,47.3307,-122.18799999999999
20793,47.5442,-122.116
20794,47.3494,-122.042
20795,47.6539,-121.959
20796,47.3706,-122.01700000000001
20797,47.6377,-122.34200000000001
20798,47.3568,-122.056
20799,47.5381,-122.046
20800,47.6467,-122.118
20801,47.6543,-122.35799999999999
20802,47.5858,-122.39299999999999
20803,47.5298,-122.26899999999999
20804,47.6715,-122.384
20805,47.6879,-122.10700000000001
20806,47.7016,-122.103
20807,47.6646,-122.28
20808,47.5639,-122.223
20809,47.371,-122.01799999999999
20810,47.4878,-122.191
20811,47.3524,-122.175
20812,47.593,-122.291
20813,47.3443,-122.32700000000001
20814,47.538000000000004,-122.11399999999999
20815,47.5402,-122.387
20816,47.5344,-122.348
20817,47.2599,-122.28299999999999
20818,47.534,-121.84100000000001
20819,47.5341,-122.06700000000001
20820,47.3262,-122.165
20821,47.5322,-122.07600000000001
20822,47.6094,-122.023
20823,47.5171,-122.346
20824,47.5542,-122.359
20825,47.5408,-121.994
20826,47.6519,-122.384
20827,47.6328,-122.016
20828,47.6704,-122.35799999999999
20829,47.6907,-122.34200000000001
20830,47.6937,-122.34200000000001
20831,47.4879,-122.152
20832,47.3511,-122.275
20833,47.2793,-122.352
20834,47.382,-122.197
20835,47.3003,-122.26299999999999
20836,47.6725,-122.33
20837,47.5943,-122.29899999999999
20838,47.6264,-122.323
20839,47.5893,-122.31700000000001
20840,47.4467,-122.287
20841,47.7724,-122.16799999999999
20842,47.5607,-122.37799999999999
20843,47.6947,-122.34200000000001
20844,47.6319,-122.36200000000001
20845,47.655,-122.009
20846,47.5388,-122.367
20847,47.5925,-122.302
20848,47.6847,-122.2
20849,47.57899999999999,-122.389
20850,47.6804,-122.288
20851,47.4214,-122.191
20852,47.7043,-122.209
20853,47.7108,-122.333
20854,47.6225,-122.05799999999999
20855,47.6078,-122.20200000000001
20856,47.5389,-121.86
20857,47.369,-122.287
20858,47.3229,-122.045
20859,47.4969,-122.145
20860,47.3514,-122.213
20861,47.4698,-122.12100000000001
20862,47.1941,-121.979
20863,47.5167,-122.346
20864,47.6828,-122.346
20865,47.678999999999995,-122.375
20866,47.773,-122.161
20867,47.6988,-122.31700000000001
20868,47.2615,-122.25200000000001
20869,47.6181,-122.318
20870,47.2958,-122.265
20871,47.5123,-122.316
20872,47.6975,-122.348
20873,47.543,-122.368
20874,47.4935,-122.145
20875,47.6754,-122.374
20876,47.3166,-122.046
20877,47.6933,-122.34200000000001
20878,47.6757,-122.32600000000001
20879,47.7079,-122.10700000000001
20880,47.367,-122.01899999999999
20881,47.5933,-122.199
20882,47.6857,-122.045
20883,47.5567,-122.363
20884,47.7046,-122.35700000000001
20885,47.7373,-121.969
20886,47.5402,-121.876
20887,47.489,-122.249
20888,47.678000000000004,-122.117
20889,47.4842,-121.772
20890,47.2602,-122.24600000000001
20891,47.5323,-122.07
20892,47.4991,-122.29899999999999
20893,47.7407,-122.226
20894,47.343,-122.056
20895,47.6031,-122.309
20896,47.356,-122.057
20897,47.5565,-122.363
20898,47.6719,-122.374
20899,47.338,-122.181
20900,47.6384,-122.37299999999999
20901,47.6295,-122.32
20902,47.6584,-122.35
20903,47.297,-122.351
20904,47.559,-122.045
20905,47.5508,-122.19200000000001
20906,47.6689,-122.363
20907,47.5443,-121.87
20908,47.515,-121.874
20909,47.1948,-121.975
20910,47.6236,-122.318
20911,47.4893,-122.146
20912,47.3414,-122.055
20913,47.6397,-122.345
20914,47.6051,-122.304
20915,47.5677,-122.314
20916,47.3603,-122.081
20917,47.64100000000001,-122.35700000000001
20918,47.6776,-122.161
20919,47.6944,-122.37700000000001
20920,47.355,-122.057
20921,47.674,-122.387
20922,47.6374,-122.38799999999999
20923,47.6198,-122.289
20924,47.488,-122.225
20925,47.6969,-122.34299999999999
20926,47.5455,-122.368
20927,47.4903,-122.166
20928,47.6799,-122.304
20929,47.7075,-122.102
20930,47.2602,-122.25200000000001
20931,47.674,-122.387
20932,47.5439,-121.86200000000001
20933,47.7563,-122.316
20934,47.6327,-122.346
20935,47.6215,-122.2
20936,47.602,-122.311
20937,47.2956,-122.35
20938,47.6022,-122.311
20939,47.5441,-122.01299999999999
20940,47.7745,-122.225
20941,47.3607,-122.038
20942,47.36600000000001,-122.30799999999999
20943,47.3737,-122.16
20944,47.6536,-122.34100000000001
20945,47.6861,-122.01299999999999
20946,47.2655,-122.244
20947,47.5951,-122.301
20948,47.4838,-121.773
20949,47.5683,-122.314
20950,47.7067,-122.131
20951,47.5519,-122.001
20952,47.5298,-122.26799999999999
20953,47.3494,-122.022
20954,47.6914,-122.34299999999999
20955,47.7737,-122.235
20956,47.3738,-122.161
20957,47.6728,-122.189
20958,47.4496,-121.766
20959,47.6181,-122.056
20960,47.6688,-122.402
20961,47.4914,-122.334
20962,47.507,-122.181
20963,47.5446,-122.01799999999999
20964,47.6765,-122.32
20965,47.438,-122.344
20966,47.7336,-122.21
20967,47.2577,-122.198
20968,47.3045,-122.211
20969,47.3992,-122.163
20970,47.6844,-122.387
20971,47.4299,-122.20700000000001
20972,47.6854,-122.184
20973,47.553000000000004,-122.354
20974,47.6904,-122.36399999999999
20975,47.6213,-122.2
20976,47.5051,-122.155
20977,47.4944,-122.15
20978,47.6523,-122.346
20979,47.5394,-122.027
20980,47.5655,-122.12899999999999
20981,47.7636,-122.21600000000001
20982,47.6853,-122.21
20983,47.3523,-122.275
20984,47.5162,-121.87200000000001
20985,47.5311,-122.073
20986,47.7628,-122.359
20987,47.6744,-122.374
20988,47.5342,-121.84100000000001
20989,47.3699,-122.01899999999999
20990,47.5341,-122.069
20991,47.6076,-122.304
20992,47.5891,-122.387
20993,47.7047,-122.113
20994,47.5661,-122.29
20995,47.7698,-122.235
20996,47.5165,-121.883
20997,47.6777,-122.156
20998,47.3595,-122.045
20999,47.5323,-122.071
21000,47.5344,-122.068
21001,47.6472,-122.35700000000001
21002,47.3557,-122.059
21003,47.588,-122.305
21004,47.602,-122.306
21005,47.7049,-122.34
21006,47.543,-122.01
21007,47.7124,-122.301
21008,47.7339,-122.209
21009,47.6276,-122.359
21010,47.3479,-122.02799999999999
21011,47.5493,-121.999
21012,47.5199,-122.35700000000001
21013,47.3363,-122.21700000000001
21014,47.6761,-122.152
21015,47.6871,-122.014
21016,47.5622,-122.292
21017,47.6901,-122.01799999999999
21018,47.5685,-122.286
21019,47.5189,-121.876
21020,47.6684,-122.175
21021,47.358999999999995,-122.08200000000001
21022,47.5924,-122.295
21023,47.5298,-121.87899999999999
21024,47.6102,-122.225
21025,47.372,-122.13
21026,47.2679,-122.255
21027,47.5811,-122.389
21028,47.5638,-122.38799999999999
21029,47.3552,-122.023
21030,47.5592,-122.36200000000001
21031,47.5393,-122.02600000000001
21032,47.5185,-121.885
21033,47.2931,-122.264
21034,47.5451,-122.11399999999999
21035,47.6033,-122.309
21036,47.6467,-122.118
21037,47.5618,-122.027
21038,47.2949,-122.27
21039,47.3269,-122.165
21040,47.3669,-122.02
21041,47.7049,-122.126
21042,47.5537,-122.31299999999999
21043,47.50899999999999,-122.24
21044,47.5178,-121.887
21045,47.7607,-122.23299999999999
21046,47.5977,-122.008
21047,47.5423,-122.302
21048,47.7757,-122.17299999999999
21049,47.5842,-122.314
21050,47.773,-122.16
21051,47.7034,-122.344
21052,47.2603,-122.194
21053,47.371,-122.01700000000001
21054,47.5261,-122.361
21055,47.6271,-122.324
21056,47.5193,-121.87700000000001
21057,47.5135,-122.169
21058,47.6993,-122.346
21059,47.6539,-122.351
21060,47.5451,-121.882
21061,47.5353,-121.87899999999999
21062,47.3595,-122.042
21063,47.5022,-122.14399999999999
21064,47.4873,-122.166
21065,47.2962,-122.35
21066,47.6122,-122.059
21067,47.4832,-121.772
21068,47.7002,-122.103
21069,47.6892,-122.389
21070,47.5336,-121.84100000000001
21071,47.346000000000004,-122.21799999999999
21072,47.3009,-122.385
21073,47.3751,-122.18799999999999
21074,47.571999999999996,-121.926
21075,47.4987,-122.147
21076,47.3588,-122.044
21077,47.3358,-122.051
21078,47.5445,-122.014
21079,47.2676,-122.256
21080,47.3473,-122.03
21081,47.6962,-122.023
21082,47.6201,-122.309
21083,47.744,-122.181
21084,47.7048,-122.113
21085,47.6781,-122.117
21086,47.3011,-122.385
21087,47.4765,-121.734
21088,47.6515,-122.375
21089,47.6506,-122.195
21090,47.5788,-122.315
21091,47.3413,-122.18
21092,47.5397,-122.027
21093,47.5321,-122.073
21094,47.6754,-122.375
21095,47.5049,-122.17
21096,47.6514,-122.38600000000001
21097,47.5556,-122.363
21098,47.581,-122.022
21099,47.515,-121.87200000000001
21100,47.6998,-122.367
21101,47.3693,-122.01700000000001
21102,47.5821,-122.04700000000001
21103,47.6067,-122.053
21104,47.538000000000004,-121.85799999999999
21105,47.5185,-121.884
21106,47.3838,-122.195
21107,47.5405,-121.882
21108,47.3754,-122.163
21109,47.5543,-122.359
21110,47.662,-122.324
21111,47.5999,-122.3
21112,47.7029,-122.171
21113,47.5171,-122.34700000000001
21114,47.3524,-122.198
21115,47.4815,-122.152
21116,47.3281,-122.164
21117,47.5362,-122.072
21118,47.3572,-122.20200000000001
21119,47.5482,-121.99799999999999
21120,47.7713,-122.167
21121,47.5323,-122.071
21122,47.3473,-122.031
21123,47.6489,-121.911
21124,47.3457,-122.21700000000001
21125,47.6789,-122.273
21126,47.6215,-122.20100000000001
21127,47.5416,-122.38
21128,47.607,-122.053
21129,47.776,-122.17299999999999
21130,47.4893,-122.147
21131,47.7341,-122.234
21132,47.5974,-122.20200000000001
21133,47.6917,-122.02
21134,47.6651,-122.191
21135,47.553999999999995,-122.36200000000001
21136,47.5396,-122.02600000000001
21137,47.6705,-122.146
21138,47.6975,-122.195
21139,47.2873,-122.177
21140,47.5441,-122.369
21141,47.6922,-122.37100000000001
21142,47.5965,-122.01299999999999
21143,47.573,-122.37200000000001
21144,47.771,-122.169
21145,47.4761,-121.734
21146,47.5929,-121.97399999999999
21147,47.7426,-121.976
21148,47.3457,-122.27
21149,47.5311,-122.074
21150,47.5707,-122.21700000000001
21151,47.2706,-122.25399999999999
21152,47.6538,-122.352
21153,47.5942,-121.977
21154,47.2606,-122.25299999999999
21155,47.6765,-122.175
21156,47.6901,-122.015
21157,47.6853,-122.21
21158,47.7734,-122.238
21159,47.5406,-121.995
21160,47.6256,-122.36200000000001
21161,47.5481,-121.995
21162,47.6934,-122.166
21163,47.5514,-122.023
21164,47.5336,-121.838
21165,47.5544,-121.99
21166,47.2585,-122.20100000000001
21167,47.5321,-122.03399999999999
21168,47.6786,-122.375
21169,47.3658,-122.021
21170,47.5205,-122.288
21171,47.538999999999994,-122.02600000000001
21172,47.5446,-122.01700000000001
21173,47.5636,-122.094
21174,47.3594,-122.036
21175,47.6689,-122.36200000000001
21176,47.4855,-122.149
21177,47.6493,-122.384
21178,47.346000000000004,-122.26899999999999
21179,47.5479,-122.00299999999999
21180,47.676,-122.197
21181,47.563,-122.29799999999999
21182,47.4999,-122.23200000000001
21183,47.7,-122.367
21184,47.6434,-122.324
21185,47.5285,-122.205
21186,47.5028,-122.17
21187,47.6783,-122.376
21188,47.5817,-122.04700000000001
21189,47.5787,-122.39200000000001
21190,47.2603,-122.195
21191,47.5363,-122.37700000000001
21192,47.5066,-122.148
21193,47.49100000000001,-122.15
21194,47.6112,-122.309
21195,47.6923,-121.869
21196,47.6126,-122.31299999999999
21197,47.6078,-122.20200000000001
21198,47.5114,-122.196
21199,47.3588,-122.08200000000001
21200,47.6961,-122.318
21201,47.4861,-122.161
21202,47.5753,-122.294
21203,47.6952,-122.178
21204,47.5522,-122.382
21205,47.3528,-122.211
21206,47.5914,-122.295
21207,47.5355,-121.874
21208,47.6607,-122.352
21209,47.5446,-122.01700000000001
21210,47.5493,-122.37200000000001
21211,47.7726,-122.162
21212,47.5206,-121.868
21213,47.3746,-122.189
21214,47.5485,-121.999
21215,47.352,-122.197
21216,47.3597,-122.045
21217,47.3588,-122.163
21218,47.5409,-122.39
21219,47.7521,-122.334
21220,47.5401,-122.02600000000001
21221,47.5459,-122.184
21222,47.2615,-122.198
21223,47.3599,-122.08200000000001
21224,47.6653,-122.305
21225,47.592,-122.29299999999999
21226,47.5191,-121.869
21227,47.5428,-122.27
21228,47.4823,-121.772
21229,47.3428,-122.27799999999999
21230,47.4826,-121.771
21231,47.6768,-122.301
21232,47.5745,-122.18
21233,47.7734,-122.23700000000001
21234,47.7333,-121.975
21235,47.5073,-122.17200000000001
21236,47.1934,-121.977
21237,47.6532,-122.348
21238,47.5412,-121.876
21239,47.3273,-122.163
21240,47.1948,-121.97399999999999
21241,47.5047,-122.17
21242,47.5476,-122.116
21243,47.3139,-122.024
21244,47.5049,-122.155
21245,47.5317,-122.391
21246,47.6611,-122.346
21247,47.3162,-122.272
21248,47.7295,-122.334
21249,47.5364,-122.073
21250,47.3308,-122.18700000000001
21251,47.452,-122.204
21252,47.4786,-122.12299999999999
21253,47.5298,-122.274
21254,47.5578,-122.363
21255,47.5556,-122.36200000000001
21256,47.7608,-122.23200000000001
21257,47.5714,-122.37299999999999
21258,47.67,-122.391
21259,47.6213,-122.2
21260,47.3524,-122.198
21261,47.6801,-122.348
21262,47.345,-122.209
21263,47.5647,-122.29299999999999
21264,47.6465,-122.35799999999999
21265,47.5637,-122.375
21266,47.6894,-122.016
21267,47.7047,-122.12299999999999
21268,47.6649,-122.353
21269,47.7235,-122.352
21270,47.4297,-122.189
21271,47.5133,-122.11
21272,47.5406,-121.994
21273,47.4913,-122.152
21274,47.4775,-122.12200000000001
21275,47.5203,-121.874
21276,47.4867,-122.152
21277,47.534,-122.365
21278,47.6067,-122.052
21279,47.3859,-122.162
21280,47.5066,-122.19200000000001
21281,47.7275,-121.95700000000001
21282,47.4919,-122.15299999999999
21283,47.7177,-122.292
21284,47.6608,-122.335
21285,47.4779,-122.12200000000001
21286,47.5164,-121.875
21287,47.4262,-122.18700000000001
21288,47.6368,-122.279
21289,47.6651,-122.368
21290,47.6957,-122.376
21291,47.5322,-122.072
21292,47.6821,-122.32600000000001
21293,47.5639,-122.292
21294,47.5455,-122.211
21295,47.6584,-122.346
21296,47.4927,-122.147
21297,47.5359,-122.072
21298,47.4483,-122.20299999999999
21299,47.5634,-122.29799999999999
21300,47.6221,-122.29
21301,47.632,-122.361
21302,47.5162,-121.874
21303,47.545,-122.36
21304,47.5171,-121.876
21305,47.6984,-122.206
21306,47.718,-122.156
21307,47.6857,-122.339
21308,47.3586,-122.036
21309,47.7072,-121.927
21310,47.61600000000001,-122.314
21311,47.5529,-122.29299999999999
21312,47.6828,-122.186
21313,47.6995,-122.346
21314,47.7033,-122.321
21315,47.25899999999999,-122.20200000000001
21316,47.6938,-122.34700000000001
21317,47.5491,-122.104
21318,47.5323,-122.072
21319,47.6911,-122.31299999999999
21320,47.3562,-122.022
21321,47.6907,-122.34299999999999
21322,47.6845,-122.315
21323,47.5825,-122.31299999999999
21324,47.4937,-122.149
21325,47.6232,-122.023
21326,47.4857,-122.15299999999999
21327,47.5333,-121.93299999999999
21328,47.4624,-121.779
21329,47.5412,-121.994
21330,47.5313,-122.074
21331,47.5387,-122.367
21332,47.4836,-121.76899999999999
21333,47.5547,-122.27799999999999
21334,47.6983,-122.389
21335,47.2673,-122.027
21336,47.6764,-122.301
21337,47.6987,-122.096
21338,47.4536,-122.274
21339,47.7053,-122.126
21340,47.3593,-122.037
21341,47.6846,-122.34899999999999
21342,47.4784,-122.12200000000001
21343,47.5935,-122.061
21344,47.438,-122.179
21345,47.4304,-121.84100000000001
21346,47.5537,-121.99799999999999
21347,47.7345,-121.96700000000001
21348,47.6989,-122.31700000000001
21349,47.7611,-122.23299999999999
21350,47.5537,-122.28200000000001
21351,47.5147,-122.177
21352,47.6289,-122.205
21353,47.4917,-122.17
21354,47.6904,-122.346
21355,47.7175,-122.28399999999999
21356,47.6313,-122.37
21357,47.1937,-121.977
21358,47.5618,-122.36200000000001
21359,47.5297,-122.155
21360,47.5738,-122.29299999999999
21361,47.5758,-122.309
21362,47.5194,-121.869
21363,47.5436,-122.369
21364,47.4786,-122.12200000000001
21365,47.6619,-122.352
21366,47.4838,-121.76899999999999
21367,47.5873,-122.196
21368,47.5809,-122.40299999999999
21369,47.5108,-122.363
21370,47.7179,-121.40299999999999
21371,47.5171,-122.34700000000001
21372,47.555,-122.36200000000001
21373,47.4907,-122.152
21374,47.3358,-122.055
21375,47.2606,-122.25399999999999
21376,47.3733,-122.162
21377,47.5016,-122.34100000000001
21378,47.5588,-122.036
21379,47.6276,-122.359
21380,47.6981,-122.09899999999999
21381,47.6842,-122.387
21382,47.5437,-122.28299999999999
21383,47.5522,-122.001
21384,47.3682,-122.117
21385,47.6381,-122.375
21386,47.5854,-122.31299999999999
21387,47.5313,-122.07600000000001
21388,47.4866,-122.16
21389,47.4856,-122.156
21390,47.6962,-122.34899999999999
21391,47.2966,-122.353
21392,47.5164,-122.19
21393,47.3211,-122.182
21394,47.5402,-121.875
21395,47.54,-122.02600000000001
21396,47.486999999999995,-122.32
21397,47.5923,-122.05799999999999
21398,47.5699,-122.296
21399,47.3557,-122.06299999999999
21400,47.6625,-122.352
21401,47.6604,-122.352
21402,47.7081,-122.116
21403,47.6113,-122.314
21404,47.3697,-122.117
21405,47.6912,-122.34299999999999
21406,47.5902,-122.387
21407,47.4916,-122.14399999999999
21408,47.5955,-121.97399999999999
21409,47.6772,-122.26700000000001
21410,47.6482,-122.40899999999999
21411,47.3413,-122.178
21412,47.5458,-122.369
21413,47.7072,-122.35600000000001
21414,47.73,-122.335
21415,47.6285,-121.899
21416,47.5499,-122.39299999999999
21417,47.51,-122.184
21418,47.6683,-122.355
21419,47.4783,-122.12299999999999
21420,47.386,-122.184
21421,47.5158,-121.874
21422,47.5524,-122.382
21423,47.5573,-122.287
21424,47.6989,-122.31700000000001
21425,47.5818,-121.99600000000001
21426,47.7106,-122.02
21427,47.549,-122.37200000000001
21428,47.6904,-122.34200000000001
21429,47.3559,-122.022
21430,47.5535,-121.99700000000001
21431,47.5158,-121.87299999999999
21432,47.7453,-121.985
21433,47.6959,-122.36399999999999
21434,47.5322,-122.075
21435,47.383,-122.09700000000001
21436,47.5302,-122.36200000000001
21437,47.6093,-122.31
21438,47.6965,-122.34
21439,47.6904,-122.346
21440,47.68,-122.348
21441,47.5446,-122.016
21442,47.6931,-122.33
21443,47.593,-122.295
21444,47.6744,-122.196
21445,47.7277,-121.958
21446,47.6598,-122.348
21447,47.358999999999995,-122.081
21448,47.2779,-122.34899999999999
21449,47.6689,-122.179
21450,47.6904,-122.34700000000001
21451,47.5964,-122.20100000000001
21452,47.5279,-122.199
21453,47.6855,-122.20100000000001
21454,47.3343,-122.36200000000001
21455,47.4997,-122.15100000000001
21456,47.5496,-122.38799999999999
21457,47.6322,-122.209
21458,47.5167,-122.34700000000001
21459,47.4876,-122.15299999999999
21460,47.6568,-122.321
21461,47.658,-122.396
21462,47.519,-121.87799999999999
21463,47.3052,-122.27600000000001
21464,47.5923,-122.296
21465,47.5532,-122.28200000000001
21466,47.5305,-122.184
21467,47.6922,-122.375
21468,47.5052,-121.906
21469,47.6647,-122.16
21470,47.5885,-121.939
21471,47.4863,-122.14299999999999
21472,47.5933,-122.06
21473,47.6844,-122.387
21474,47.4593,-122.134
21475,47.5405,-122.02600000000001
21476,47.7634,-122.35
21477,47.7329,-122.35600000000001
21478,47.6735,-122.05799999999999
21479,47.7268,-121.95700000000001
21480,47.6788,-122.117
21481,47.715,-122.355
21482,47.6536,-122.354
21483,47.7077,-122.12
21484,47.5399,-122.352
21485,47.5974,-122.01299999999999
21486,47.6515,-122.384
21487,47.5403,-122.02799999999999
21488,47.7236,-122.03299999999999
21489,47.6791,-122.354
21490,47.5371,-121.98200000000001
21491,47.5491,-122.387
21492,47.6617,-122.34899999999999
21493,47.5779,-122.40899999999999
21494,47.5722,-122.387
21495,47.3444,-122.26899999999999
21496,47.5494,-122.38799999999999
21497,47.4959,-122.15
21498,47.6351,-122.236
21499,47.7046,-122.12299999999999
21500,47.6697,-122.37200000000001
21501,47.5636,-122.38799999999999
21502,47.6617,-122.34899999999999
21503,47.5574,-122.28399999999999
21504,47.6575,-122.006
21505,47.6249,-122.09
21506,47.5173,-122.286
21507,47.4828,-122.133
21508,47.606,-122.052
21509,47.6258,-122.005
21510,47.3589,-122.083
21511,47.7728,-122.235
21512,47.6021,-122.294
21513,47.5178,-122.389
21514,47.62,-122.20700000000001
21515,47.5443,-122.385
21516,47.5914,-122.027
21517,47.5983,-122.2
21518,47.6636,-122.319
21519,47.2815,-122.35600000000001
21520,47.5321,-122.073
21521,47.385,-122.189
21522,47.6983,-122.367
21523,47.7058,-122.302
21524,47.5382,-122.111
21525,47.5788,-122.315
21526,47.5459,-122.37700000000001
21527,47.6538,-122.35700000000001
21528,47.537,-122.074
21529,47.5147,-122.19
21530,47.4945,-122.149
21531,47.5455,-122.375
21532,47.4543,-121.77799999999999
21533,47.4643,-122.346
21534,47.5262,-122.361
21535,47.6018,-122.06
21536,47.6228,-122.307
21537,47.3619,-122.12200000000001
21538,47.3906,-122.304
21539,47.6521,-122.4
21540,47.6719,-122.39200000000001
21541,47.6515,-122.375
21542,47.6088,-122.311
21543,47.5489,-122.36399999999999
21544,47.5078,-122.169
21545,47.4832,-122.145
21546,47.3846,-122.186
21547,47.3622,-122.041
21548,47.4922,-122.15299999999999
21549,47.3507,-122.291
21550,47.6397,-122.345
21551,47.6648,-122.353
21552,47.599,-122.197
21553,47.6844,-122.387
21554,47.5435,-122.35700000000001
21555,47.5252,-122.19200000000001
21556,47.5637,-122.295
21557,47.5316,-122.07600000000001
21558,47.6572,-122.346
21559,47.2974,-122.34899999999999
21560,47.5943,-122.11
21561,47.5869,-122.311
21562,47.5925,-122.295
21563,47.6374,-122.369
21564,47.5184,-121.88600000000001
21565,47.5184,-121.88600000000001
21566,47.6785,-122.375
21567,47.6413,-122.329
21568,47.5621,-122.384
21569,47.3339,-122.055
21570,47.6707,-122.381
21571,47.7337,-122.309
21572,47.6756,-122.375
21573,47.3452,-122.022
21574,47.6502,-122.066
21575,47.5001,-122.23200000000001
21576,47.6542,-122.346
21577,47.5354,-122.181
21578,47.3749,-122.10700000000001
21579,47.6533,-122.346
21580,47.4822,-122.131
21581,47.5653,-122.223
21582,47.2931,-122.264
21583,47.6857,-122.046
21584,47.6321,-122.2
21585,47.6963,-122.318
21586,47.3095,-122.00200000000001
21587,47.5389,-121.881
21588,47.5699,-122.288
21589,47.5137,-122.167
21590,47.5537,-122.398
21591,47.5773,-122.40899999999999
21592,47.6993,-122.346
21593,47.5107,-122.36200000000001
21594,47.5944,-122.29899999999999
21595,47.5345,-122.069
21596,47.5941,-122.29899999999999
